_id,srcValue,userSN,realTime,srcLatitude,srcLongitude,srcSpeed,srcRPM,srcAPS,srcTPS,srcRPS,srcMAF,srcFuelLevel,srcTorque,srcEngineLoad,srcFuelTrimB1S,srcFuelTrimB2S,srcIntakePress,srcEngineCoolantTemp,srcEngineOilTemp,srcFuelTrimB1L,srcFuelTrimB2L,srcAmbientAirTemp,srcAbsolutePress,srcHybridBatteryT,srcDPF,srcDPFTemp,srcIntakeAirTemp,srcEGT1,srcEGT2,srcUploadTime,srcBattery,srcGyroValue
1,23011501,0,20230115124956,0.0,0.0,0.0,1522.5,14.509804,0.0,0.0,0.0,0.0,0.0,0.0,0.0,0.0,66.0,0.0,0.0,0.0,0.0,0.0,0.0,0.0,0.0,0.0,0.0,0.0,0.0,null,0.0,0.0
2,23011501,0,20230115124957,0.0,0.0,0.0,1522.5,14.509804,20.784313,16890.0,12.5,45.490196,0.0,37.2549,0.0,0.0,66.0,0.0,0.0,0.0,0.0,0.0,0.0,0.0,0.0,0.0,2.0,0.0,0.0,null,0.0,-0.022318867966532707
3,23011501,0,20230115124958,0.0,0.0,0.0,1513.0,14.509804,20.784313,16890.0,12.5,45.490196,350.0,39.215687,0.0,0.0,66.0,0.0,0.0,0.0,0.0,0.0,0.0,0.0,0.0,0.0,2.0,0.0,0.0,null,0.0,-0.0396258607506752
4,23011501,0,20230115124959,0.0,0.0,0.0,1464.5,14.509804,20.0,16890.0,12.38,45.490196,350.0,39.215687,0.0,0.0,66.0,0.0,0.0,0.0,0.0,0.0,0.0,0.0,0.0,0.0,2.0,0.0,0.0,null,0.0,-0.028383726254105568
5,23011501,0,20230115125000,37.3669353,127.1586014,0.0,1464.5,14.509804,20.0,16890.0,12.38,45.490196,350.0,39.215687,0.0,0.0,66.0,0.0,0.0,0.0,0.0,0.0,0.0,0.0,0.0,0.0,2.0,0.0,0.0,null,0.0,0.07302703708410263
6,23011501,0,20230115125001,37.3669353,127.1586014,0.0,1464.5,14.509804,20.0,16920.0,10.16,45.490196,350.0,39.215687,0.0,0.0,66.0,0.0,0.0,0.0,0.0,0.0,0.0,0.0,0.0,0.0,2.0,0.0,0.0,null,14.436,-0.012153534218668938
7,23011501,0,20230115125002,37.3669353,127.1586014,0.0,1489.5,14.509804,20.0,16920.0,10.16,45.490196,350.0,27.450981,0.0,0.0,54.0,0.0,0.0,0.0,0.0,0.0,0.0,0.0,0.0,0.0,2.0,0.0,0.0,null,14.436,-0.03700147569179535
8,23011501,0,20230115125003,37.3669353,127.1586014,0.0,1489.5,14.509804,17.254902,16910.0,6.63,45.490196,350.0,27.450981,0.0078125,0.0,54.0,0.0,0.0,0.0,0.0,0.0,0.0,0.0,0.0,0.0,2.0,0.0,0.0,null,14.436,-0.0316825807094574
9,23011501,0,20230115125004,37.3669353,127.1586014,0.0,1528.5,14.509804,17.254902,16910.0,6.63,45.490196,350.0,17.647058,0.0078125,0.0,35.0,0.0,0.0,0.0,0.0,0.0,0.0,0.0,0.0,0.0,2.0,0.0,0.0,null,14.436,-0.027298975735902786
10,23011501,0,20230115125005,37.3669353,127.1586014,0.0,1536.5,14.509804,16.470589,16910.0,5.83,45.490196,350.0,17.647058,0.0078125,0.0,32.0,0.0,0.0,0.0,0.0,0.0,0.0,0.0,0.0,0.0,2.0,0.0,0.0,null,14.436,-0.028564924374222755
11,23011501,0,20230115125006,37.3669353,127.1586014,0.0,1536.5,14.509804,16.470589,14140.0,5.83,45.490196,350.0,14.90196,0.0078125,0.0,32.0,0.0,0.0,-0.0078125,0.0,0.0,0.0,0.0,0.0,0.0,2.0,0.0,0.0,null,14.436,-0.021333904936909676
12,23011501,0,20230115125007,37.3669353,127.1586014,0.0,1006.0,14.509804,16.470589,14140.0,3.88,45.490196,350.0,14.90196,0.0078125,0.0,32.0,0.0,0.0,-0.0078125,0.0,0.0,0.0,0.0,0.0,0.0,2.0,0.0,0.0,null,14.436,-0.01801745966076851
13,23011501,0,20230115125008,37.3669353,127.1586014,0.0,1006.0,14.509804,14.509804,9200.0,3.69,45.490196,350.0,21.960785,0.0078125,0.0,32.0,0.0,0.0,-0.0078125,0.0,0.0,0.0,0.0,0.0,0.0,2.0,0.0,0.0,null,14.436,-0.015285606496036053
14,23011501,0,20230115125009,37.3669353,127.1586014,0.0,958.0,14.509804,14.509804,9200.0,3.69,45.490196,350.0,21.568628,0.0078125,0.0,35.0,0.0,0.0,-0.0078125,0.0,0.0,0.0,0.0,0.0,0.0,2.0,0.0,0.0,null,14.436,-0.0225962046533823
15,23011501,0,20230115125010,37.3669353,127.1586014,0.0,958.0,14.509804,14.509804,9200.0,3.5,45.490196,350.0,21.568628,0.0078125,0.0,35.0,0.0,0.0,-0.0078125,0.0,0.0,0.0,0.0,0.0,0.0,2.0,0.0,0.0,null,14.436,-0.013795550912618637
16,23011501,0,20230115125011,37.3669353,127.1586014,0.0,930.0,14.509804,14.509804,7940.0,3.5,45.490196,350.0,22.352942,0.0078125,0.0,35.0,0.0,0.0,-0.0078125,0.0,0.0,0.0,0.0,0.0,0.0,2.0,0.0,0.0,null,14.436,-0.018758803606033325
17,23011501,0,20230115125012,37.3669353,127.1586014,0.0,914.5,14.509804,14.509804,7940.0,3.47,45.490196,350.0,22.352942,0.0078125,0.0,35.0,43.0,0.0,-0.0078125,0.0,0.0,0.0,0.0,0.0,0.0,2.0,0.0,0.0,null,14.436,-0.016854573041200638
18,23011501,0,20230115125013,37.3669353,127.1586014,0.0,914.5,14.509804,14.509804,7940.0,3.47,45.490196,350.0,22.745098,0.0078125,0.0,35.0,43.0,0.0,-0.0078125,0.0,0.0,0.0,0.0,0.0,0.0,2.0,0.0,0.0,null,14.436,-0.01777762360870838
19,23011501,0,20230115125014,37.3669353,127.1586014,0.0,916.5,14.509804,14.509804,7850.0,3.5,45.490196,350.0,21.960785,0.0078125,0.0,35.0,43.0,0.0,-0.0078125,0.0,0.0,0.0,0.0,0.0,0.0,2.0,0.0,0.0,null,14.436,-0.011792323552072048
20,23011501,0,20230115125015,37.3669353,127.1586014,0.0,916.5,14.509804,14.509804,7850.0,3.47,45.490196,350.0,21.960785,0.0078125,0.0,35.0,43.0,0.0,-0.0078125,0.0,0.0,0.0,0.0,0.0,0.0,2.0,0.0,0.0,null,14.436,-0.011234604753553867
21,23011501,0,20230115125016,37.3669353,127.1586014,0.0,921.0,14.509804,14.509804,7850.0,3.47,45.490196,350.0,22.352942,0.0078125,0.0,35.0,43.0,0.0,-0.0078125,0.0,0.0,0.0,0.0,0.0,0.0,2.0,0.0,0.0,null,14.436,-0.01465645618736744
22,23011501,0,20230115125017,37.3669353,127.1586014,0.0,921.0,14.509804,14.509804,7800.0,3.44,45.490196,350.0,22.352942,0.0078125,0.0,35.0,43.0,0.0,-0.0078125,0.0,0.0,99.0,0.0,0.0,0.0,2.0,0.0,0.0,null,14.436,-0.013992595486342907
23,23011501,0,20230115125018,37.3669353,127.1586014,0.0,914.0,14.509804,14.509804,7800.0,3.44,45.490196,350.0,22.352942,0.0078125,0.0,35.0,43.0,0.0,-0.0078125,0.0,0.0,99.0,0.0,0.0,0.0,2.0,0.0,0.0,null,14.436,-0.016626285389065742
24,23011501,0,20230115125019,37.3669353,127.1586014,0.0,921.0,14.509804,14.509804,7900.0,3.47,45.490196,350.0,22.745098,0.0078125,0.0,35.0,43.0,0.0,-0.0078125,0.0,0.0,99.0,0.0,0.0,0.0,2.0,0.0,0.0,null,14.436,-0.01653885282576084
25,23011501,0,20230115125020,37.3669353,127.1586014,0.0,921.0,14.509804,14.509804,7900.0,3.44,45.490196,350.0,22.745098,0.0078125,0.0,35.0,43.0,0.0,-0.0078125,0.0,0.0,99.0,0.0,0.0,0.0,2.0,0.0,0.0,null,14.436,-0.014487667940557003
26,23011501,0,20230115125021,37.3669353,127.1586014,0.0,921.0,14.509804,14.509804,7920.0,3.44,45.490196,350.0,22.352942,0.0078125,0.0,35.0,43.0,0.0,-0.0078125,0.0,0.0,99.0,0.0,0.0,0.0,2.0,0.0,0.0,null,14.436,-0.009905984625220299
27,23011501,0,20230115125022,37.3669353,127.1586014,0.0,921.0,14.509804,14.509804,7920.0,3.44,45.490196,350.0,22.352942,0.0078125,0.0,35.0,43.0,0.0,-0.0078125,0.0,0.0,99.0,0.0,0.0,0.0,2.0,0.0,0.0,null,14.436,-0.005330252461135387
28,23011501,0,20230115125023,37.3669353,127.1586014,0.0,926.0,14.509804,14.509804,7920.0,3.44,45.490196,350.0,22.352942,0.0078125,0.0,35.0,43.0,0.0,-0.0078125,0.0,0.0,99.0,0.0,0.0,0.0,2.0,0.0,0.0,null,14.436,-0.011171504855155945
29,23011501,0,20230115125024,37.3669353,127.1586014,0.0,912.0,14.509804,14.509804,7950.0,3.41,45.490196,350.0,22.352942,0.0078125,0.0,35.0,43.0,0.0,-0.0078125,0.0,0.0,99.0,0.0,0.0,0.0,2.0,0.0,0.0,null,14.436,-0.014018671587109566
30,23011501,0,20230115125025,37.3669353,127.1586014,0.0,912.0,14.509804,14.509804,7950.0,3.41,45.490196,350.0,22.352942,0.0078125,0.0,35.0,43.0,0.0,-0.0078125,0.0,0.0,99.0,0.0,0.0,0.0,2.0,0.0,0.0,null,14.436,-0.014592187479138374
31,23011501,0,20230115125026,37.3669353,127.1586014,0.0,922.5,14.509804,14.509804,7950.0,3.5,45.490196,350.0,22.352942,0.0078125,0.0,35.0,43.0,0.0,-0.0078125,0.0,0.0,99.0,0.0,0.0,0.0,2.0,0.0,0.0,null,14.436,-0.010148495435714722
32,23011501,0,20230115125027,37.3669353,127.1586014,0.0,922.5,14.509804,14.509804,7920.0,3.5,45.490196,350.0,22.745098,0.0078125,0.0,35.0,45.0,0.0,-0.0078125,0.0,0.0,99.0,0.0,0.0,0.0,2.0,0.0,0.0,null,14.436,-0.01123836450278759
33,23011501,0,20230115125028,37.3669353,127.1586014,0.0,917.5,14.509804,14.509804,7920.0,3.5,45.490196,350.0,22.745098,0.0078125,0.0,35.0,45.0,0.0,-0.0078125,0.0,0.0,99.0,0.0,0.0,0.0,2.0,0.0,0.0,null,14.436,-0.010956902988255024
34,23011501,0,20230115125029,37.3669353,127.1586014,0.0,917.5,14.509804,14.509804,7950.0,3.41,45.490196,350.0,22.745098,0.0078125,0.0,35.0,45.0,0.0,-0.0078125,0.0,0.0,99.0,0.0,0.0,0.0,2.0,0.0,0.0,null,14.436,-0.0048119244165718555
35,23011501,0,20230115125030,37.3669353,127.1586014,0.0,904.0,14.509804,14.509804,7950.0,3.41,45.490196,350.0,23.137255,0.0078125,0.0,35.0,45.0,0.0,-0.0078125,0.0,0.0,99.0,0.0,0.0,0.0,2.0,0.0,0.0,null,14.436,-0.008680401369929314
36,23011501,0,20230115125031,37.3669353,127.1586014,0.0,904.0,14.509804,14.509804,7950.0,3.5,45.490196,350.0,23.137255,0.0078125,0.0,35.0,45.0,0.0,-0.0078125,0.0,0.0,99.0,0.0,0.0,0.0,2.0,0.0,0.0,null,14.436,-0.007468430325388908
37,23011501,0,20230115125032,37.3669353,127.1586014,0.0,911.0,14.509804,14.509804,7870.0,3.5,45.490196,350.0,22.745098,0.0078125,0.0,35.0,45.0,0.0,-0.0078125,0.0,0.0,99.0,0.0,0.0,0.0,2.0,0.0,0.0,null,14.436,-0.007348039653152227
38,23011501,0,20230115125033,37.3669353,127.1586014,0.0,906.0,14.509804,14.509804,7870.0,3.44,45.490196,350.0,22.745098,0.0078125,0.0,35.0,45.0,0.0,-0.0078125,0.0,0.0,99.0,0.0,0.0,0.0,2.0,0.0,0.0,null,14.459,-0.009177110157907009
39,23011501,0,20230115125034,37.3669353,127.1586014,0.0,906.0,14.509804,14.509804,7870.0,3.44,45.490196,350.0,22.745098,0.0390625,0.0,35.0,45.0,0.0,-0.0078125,0.0,0.0,99.0,0.0,0.0,0.0,2.0,0.0,0.0,null,14.459,-0.00994759239256382
40,23011501,0,20230115125035,37.3669353,127.1586014,0.0,908.5,14.509804,14.509804,7810.0,3.38,45.490196,350.0,22.745098,0.0390625,0.0,35.0,45.0,0.0,-0.0078125,0.0,0.0,99.0,0.0,0.0,0.0,2.0,0.0,0.0,null,14.459,-0.009887120686471462
41,23011501,0,20230115125036,37.3669353,127.1586014,0.0,908.5,14.509804,14.509804,7810.0,3.38,45.490196,350.0,22.745098,0.0390625,0.0,35.0,45.0,0.0,-0.0078125,0.0,0.0,99.0,0.0,0.0,0.0,2.0,0.0,0.0,null,14.459,-0.008114776574075222
42,23011501,0,20230115125037,37.3669353,127.1586014,0.0,910.0,14.509804,14.509804,7810.0,3.38,45.490196,350.0,22.745098,0.0390625,0.0,35.0,45.0,0.0,-0.0078125,0.0,0.0,99.0,0.0,0.0,0.0,2.0,0.0,0.0,null,14.459,-0.011333166621625423
43,23011501,0,20230115125038,37.3669353,127.1586014,0.0,910.0,14.509804,14.509804,7960.0,3.33,45.490196,350.0,22.745098,0.0390625,0.0,35.0,45.0,0.0,-0.0078125,0.0,0.0,99.0,0.0,0.0,0.0,2.0,0.0,0.0,null,14.459,-0.01275300607085228
44,23011501,0,20230115125039,37.3669353,127.1586014,0.0,918.0,14.509804,14.509804,7960.0,3.33,45.490196,350.0,22.745098,0.0390625,0.0,35.0,45.0,0.0,-0.0078125,0.0,0.0,99.0,0.0,0.0,0.0,2.0,0.0,0.0,null,14.459,-0.012997142970561981
45,23011501,0,20230115125040,37.3669353,127.1586014,0.0,908.0,14.509804,14.509804,7970.0,3.38,45.490196,350.0,22.745098,0.0390625,0.0,35.0,45.0,0.0,-0.0078125,0.0,0.0,99.0,0.0,0.0,0.0,2.0,0.0,0.0,null,14.459,-0.017043273895978928
46,23011501,0,20230115125041,37.3669353,127.1586014,0.0,908.0,14.509804,14.509804,7970.0,3.38,45.490196,350.0,22.745098,0.0390625,0.0,35.0,45.0,0.0,-0.0078125,0.0,0.0,99.0,0.0,0.0,0.0,2.0,0.0,0.0,null,14.459,-0.012835994362831116
47,23011501,0,20230115125042,37.3669353,127.1586014,0.0,909.5,14.509804,14.509804,7970.0,3.41,45.490196,350.0,22.745098,0.0390625,0.0,35.0,45.0,0.0,-0.0078125,0.0,0.0,99.0,0.0,0.0,0.0,2.0,0.0,0.0,null,14.459,-0.012028458528220654
48,23011501,0,20230115125043,37.3669353,127.1586014,0.0,909.5,14.509804,14.509804,7800.0,3.41,45.490196,350.0,22.745098,0.0390625,0.0,35.0,45.0,0.0,-0.0078125,0.0,0.0,99.0,0.0,0.0,0.0,2.0,0.0,0.0,null,14.459,-0.008860442787408829
49,23011501,0,20230115125044,37.3669353,127.1586014,0.0,909.5,14.509804,14.509804,7800.0,3.36,45.490196,350.0,22.745098,0.0390625,0.0,35.0,45.0,0.0,-0.0078125,0.0,0.0,99.0,0.0,0.0,0.0,2.0,0.0,0.0,null,14.459,-0.01322398241609335
50,23011501,0,20230115125045,37.3669353,127.1586014,0.0,903.0,14.509804,14.509804,7800.0,3.36,45.490196,350.0,22.352942,0.0390625,0.0,35.0,45.0,0.0,-0.0078125,0.0,0.0,99.0,0.0,0.0,0.0,2.0,0.0,0.0,null,14.459,-0.01209400873631239
51,23011501,0,20230115125046,37.3669353,127.1586014,0.0,903.0,14.509804,14.509804,7850.0,3.38,45.490196,350.0,22.352942,0.0390625,0.0,35.0,45.0,0.0,-0.0078125,0.0,0.0,99.0,0.0,0.0,0.0,2.0,0.0,0.0,null,14.459,-0.013171444647014141
52,23011501,0,20230115125047,37.3669353,127.1586014,0.0,909.5,14.509804,14.509804,7850.0,3.38,45.490196,350.0,22.352942,0.0390625,0.0,35.0,45.0,0.0,-0.0078125,0.0,0.0,99.0,0.0,0.0,0.0,2.0,0.0,0.0,null,14.459,-0.01173883955925703
53,23011501,0,20230115125048,37.3669353,127.1586014,0.0,909.5,14.509804,14.509804,7850.0,3.38,45.490196,350.0,22.352942,0.0390625,0.0,34.0,45.0,0.0,-0.0078125,0.0,0.0,99.0,0.0,0.0,0.0,2.0,0.0,0.0,null,14.459,-0.006074849050492048
54,23011501,0,20230115125049,37.3669353,127.1586014,0.0,906.5,14.509804,14.509804,7970.0,3.38,45.490196,350.0,22.352942,0.0390625,0.0,34.0,45.0,0.0,-0.0078125,0.0,0.0,99.0,0.0,0.0,0.0,2.0,0.0,0.0,null,14.459,-0.00924587156623602
55,23011501,0,20230115125050,37.3669353,127.1586014,0.0,905.0,14.509804,14.509804,7970.0,3.38,45.490196,350.0,22.352942,0.0390625,0.0,35.0,45.0,0.0,-0.0078125,0.0,0.0,99.0,0.0,0.0,0.0,2.0,0.0,0.0,null,14.459,-0.009168419986963272
56,23011501,0,20230115125051,37.3669353,127.1586014,0.0,905.0,14.509804,14.509804,7970.0,3.36,45.490196,350.0,22.745098,0.0390625,0.0,35.0,45.0,0.0,-0.0078125,0.0,0.0,99.0,0.0,0.0,0.0,2.0,0.0,0.0,null,14.459,-0.006230287253856659
57,23011501,0,20230115125052,37.3669353,127.1586014,0.0,913.0,14.509804,14.509804,7970.0,3.36,45.490196,350.0,22.352942,0.0390625,0.0,35.0,45.0,0.0,-0.0078125,0.0,0.0,99.0,0.0,0.0,0.0,2.0,0.0,0.0,null,14.459,-0.009929249063134193
58,23011501,0,20230115125053,37.3669353,127.1586014,0.0,913.0,14.509804,14.509804,7970.0,3.33,45.490196,350.0,22.352942,0.0390625,0.0,35.0,45.0,0.0,-0.0078125,0.0,0.0,99.0,0.0,0.0,0.0,2.0,0.0,0.0,null,14.459,-0.012532009743154049
59,23011501,0,20230115125054,37.3669353,127.1586014,0.0,908.0,14.509804,14.509804,7900.0,3.33,45.490196,350.0,22.745098,0.0390625,0.0,34.0,45.0,0.0,-0.0078125,0.0,0.0,99.0,0.0,0.0,0.0,2.0,0.0,0.0,null,14.459,-0.008901437744498253
60,23011501,0,20230115125055,37.3669353,127.1586014,0.0,908.0,14.509804,14.509804,7900.0,3.38,45.490196,350.0,22.745098,0.0390625,0.0,34.0,45.0,0.0,-0.0078125,0.0,0.0,99.0,0.0,0.0,0.0,2.0,0.0,0.0,null,14.459,-0.004233444109559059
61,23011501,0,20230115125056,37.3669353,127.1586014,0.0,900.5,14.509804,14.509804,7900.0,3.38,45.490196,350.0,22.745098,0.0390625,0.0,35.0,45.0,0.0,-0.0078125,0.0,0.0,99.0,0.0,0.0,0.0,2.0,0.0,0.0,null,14.459,-0.009320694021880627
62,23011501,0,20230115125057,37.3669353,127.1586014,0.0,900.5,14.509804,14.509804,7890.0,3.38,45.490196,350.0,22.745098,0.0390625,0.0,35.0,45.0,0.0,-0.0078125,0.0,0.0,99.0,0.0,0.0,0.0,2.0,0.0,0.0,null,14.459,-0.009723135270178318
63,23011501,0,20230115125058,37.3669353,127.1586014,0.0,901.5,14.509804,14.509804,7890.0,3.38,45.490196,350.0,22.352942,0.0390625,0.0,35.0,45.0,0.0,-0.0078125,0.0,0.0,99.0,0.0,0.0,0.0,2.0,0.0,0.0,null,14.459,-0.011047037318348885
64,23011501,0,20230115125059,37.3669353,127.1586014,0.0,913.0,14.509804,14.509804,7890.0,3.38,45.490196,350.0,22.352942,0.0390625,0.0,35.0,45.0,0.0,-0.0078125,0.0,0.0,99.0,0.0,0.0,0.0,2.0,0.0,0.0,null,14.459,-0.009629196487367153
65,23011501,0,20230115125100,37.3669353,127.1586014,0.0,913.0,14.509804,14.509804,7970.0,3.38,45.490196,350.0,22.352942,0.0390625,0.0,35.0,46.0,0.0,-0.0078125,0.0,0.0,99.0,0.0,0.0,0.0,2.0,0.0,0.0,null,14.459,-0.01255200244486332
66,23011501,0,20230115125101,37.3669353,127.1586014,0.0,904.5,14.509804,14.509804,7970.0,3.38,45.490196,350.0,22.352942,0.0390625,0.0,35.0,46.0,0.0,-0.0078125,0.0,0.0,99.0,0.0,0.0,0.0,2.0,0.0,0.0,null,14.459,-0.011763804592192173
67,23011501,0,20230115125102,37.3669353,127.1586014,0.0,904.5,14.509804,14.509804,7860.0,3.38,45.490196,350.0,22.352942,0.0390625,0.0,35.0,46.0,0.0,-0.0078125,0.0,0.0,99.0,0.0,0.0,0.0,2.0,0.0,0.0,null,14.459,-0.011606020852923393
68,23011501,0,20230115125103,37.3669353,127.1586014,0.0,905.0,14.509804,14.509804,7860.0,3.38,45.490196,350.0,22.352942,0.0390625,0.0,35.0,46.0,0.0,-0.0078125,0.0,0.0,99.0,0.0,0.0,0.0,2.0,0.0,0.0,null,14.459,-0.0105671351775527
69,23011501,0,20230115125104,37.3669353,127.1586014,0.0,913.0,14.509804,14.509804,7860.0,3.36,45.490196,350.0,22.352942,0.0390625,0.0,35.0,46.0,0.0,-0.0078125,0.0,0.0,99.0,0.0,0.0,0.0,2.0,0.0,0.0,null,14.459,-0.005011516157537699
70,23011501,0,20230115125105,37.3669353,127.1586014,0.0,913.0,14.509804,14.509804,7970.0,3.36,45.490196,350.0,22.352942,0.0390625,0.0,35.0,46.0,0.0,-0.0078125,0.0,0.0,99.0,0.0,0.0,0.0,2.0,0.0,0.0,null,14.483,-0.009002620354294777
71,23011501,0,20230115125106,37.3669353,127.1586014,0.0,914.0,14.509804,14.509804,7970.0,3.36,45.490196,350.0,22.745098,0.0390625,0.0,35.0,46.0,0.0,-0.0078125,0.0,0.0,99.0,0.0,0.0,0.0,2.0,0.0,0.0,null,14.483,-0.009329894557595253
72,23011501,0,20230115125107,37.3669353,127.1586014,0.0,914.0,14.509804,14.509804,7970.0,3.36,45.490196,350.0,22.745098,0.0234375,0.0,35.0,46.0,0.0,-0.0078125,0.0,0.0,99.0,0.0,0.0,0.0,2.0,0.0,0.0,null,14.483,-0.011702671647071838
73,23011501,0,20230115125108,37.3669353,127.1586014,0.0,906.5,14.509804,14.509804,7970.0,3.36,45.490196,350.0,22.745098,0.0234375,0.0,35.0,46.0,0.0,-0.0078125,0.0,0.0,99.0,0.0,0.0,0.0,3.0,0.0,0.0,null,14.483,-0.0089922109618783
74,23011501,0,20230115125109,37.3669353,127.1586014,0.0,899.0,14.509804,14.509804,7970.0,3.36,45.490196,350.0,22.745098,0.0234375,0.0,35.0,46.0,0.0,-0.0078125,0.0,0.0,99.0,0.0,0.0,0.0,3.0,0.0,0.0,null,14.483,-0.012468251399695873
75,23011501,0,20230115125110,37.3669353,127.1586014,0.0,899.0,14.509804,14.509804,7950.0,3.38,45.490196,350.0,22.745098,0.0234375,0.0,35.0,46.0,0.0,-0.0078125,0.0,0.0,99.0,0.0,0.0,0.0,3.0,0.0,0.0,null,14.483,-0.008481658063828945
76,23011501,0,20230115125111,37.3669353,127.1586014,0.0,905.5,14.509804,14.509804,7950.0,3.38,45.490196,350.0,22.745098,0.0234375,0.0,35.0,46.0,0.0,-0.0078125,0.0,0.0,99.0,0.0,0.0,0.0,3.0,0.0,0.0,null,14.483,-0.014321121387183666
77,23011501,0,20230115125112,37.3669353,127.1586014,0.0,914.0,14.509804,14.509804,7940.0,3.38,45.490196,350.0,22.745098,0.0234375,0.0,35.0,46.0,0.0,-0.0078125,0.0,0.0,99.0,0.0,0.0,0.0,3.0,0.0,0.0,null,14.483,-0.012721051461994648
78,23011501,0,20230115125113,37.3669353,127.1586014,0.0,914.0,14.509804,14.509804,7940.0,3.38,45.490196,350.0,22.352942,0.0234375,0.0,35.0,46.0,0.0,-0.0078125,0.0,0.0,99.0,0.0,0.0,0.0,3.0,0.0,0.0,null,14.483,-0.014878444373607635
79,23011501,0,20230115125114,37.3669353,127.1586014,0.0,922.5,14.509804,14.509804,7940.0,3.44,45.490196,350.0,21.960785,0.0234375,0.0,35.0,46.0,0.0,-0.0078125,0.0,0.0,99.0,0.0,0.0,0.0,3.0,0.0,0.0,null,14.483,-0.012164986692368984
80,23011501,0,20230115125115,37.3669353,127.1586014,0.0,922.5,14.509804,14.509804,7830.0,3.36,45.490196,350.0,21.960785,0.0234375,0.0,35.0,47.0,0.0,-0.0078125,0.0,0.0,99.0,0.0,0.0,0.0,3.0,0.0,0.0,null,14.483,-0.011140289716422558
81,23011501,0,20230115125116,37.3669353,127.1586014,0.0,900.5,14.509804,14.509804,7830.0,3.36,45.490196,350.0,22.352942,0.0234375,0.0,35.0,47.0,0.0,-0.0078125,0.0,0.0,99.0,0.0,0.0,0.0,3.0,0.0,0.0,null,14.483,-0.01164871547371149
82,23011501,0,20230115125117,37.3669353,127.1586014,0.0,908.0,14.509804,14.509804,7850.0,3.36,45.490196,350.0,22.352942,0.0234375,0.0,35.0,47.0,0.0,-0.0078125,0.0,0.0,99.0,0.0,0.0,0.0,3.0,0.0,0.0,null,14.483,-0.014803124591708183
83,23011501,0,20230115125118,37.3669353,127.1586014,0.0,908.0,14.509804,14.509804,7850.0,3.36,45.490196,350.0,21.960785,0.0234375,0.0,35.0,47.0,0.0,-0.0078125,0.0,0.0,99.0,0.0,0.0,0.0,3.0,0.0,0.0,null,14.483,-0.011340314522385597
84,23011501,0,20230115125119,37.3669353,127.1586014,0.0,900.5,14.509804,14.509804,7850.0,3.36,45.490196,350.0,22.352942,0.0234375,0.0,35.0,47.0,0.0,-0.0078125,0.0,0.0,99.0,0.0,0.0,0.0,3.0,0.0,0.0,null,14.483,-0.009874210692942142
85,23011501,0,20230115125120,37.3669353,127.1586014,0.0,900.5,14.509804,14.509804,7930.0,3.41,45.490196,350.0,22.352942,0.0234375,0.0,35.0,47.0,0.0,-0.0078125,0.0,0.0,99.0,0.0,0.0,0.0,3.0,0.0,0.0,null,14.483,-0.009919969365000725
86,23011501,0,20230115125121,37.3669353,127.1586014,0.0,911.5,14.509804,14.509804,7930.0,3.41,45.490196,350.0,22.352942,0.0234375,0.0,34.0,47.0,0.0,-0.0078125,0.0,0.0,99.0,0.0,0.0,0.0,3.0,0.0,0.0,null,14.483,-0.009049860760569572
87,23011501,0,20230115125122,37.3669353,127.1586014,0.0,904.5,14.509804,14.509804,7910.0,3.33,45.490196,350.0,22.352942,0.0234375,0.0,35.0,47.0,0.0,-0.0078125,0.0,0.0,99.0,0.0,0.0,0.0,3.0,0.0,0.0,null,14.483,-0.004174403380602598
88,23011501,0,20230115125123,37.3669353,127.1586014,0.0,904.5,14.509804,14.509804,7910.0,3.33,45.490196,350.0,22.745098,0.0234375,0.0,35.0,47.0,0.0,-0.0078125,0.0,0.0,99.0,0.0,0.0,0.0,3.0,0.0,0.0,null,14.483,-0.01568477973341942
89,23011501,0,20230115125124,37.3669353,127.1586014,0.0,903.0,14.509804,14.509804,7910.0,3.41,45.490196,350.0,22.745098,0.0234375,0.0,35.0,47.0,0.0,-0.0078125,0.0,0.0,99.0,0.0,0.0,0.0,3.0,0.0,0.0,null,14.483,-0.016042575240135193
90,23011501,0,20230115125125,37.3669353,127.1586014,0.0,903.0,14.509804,14.509804,7970.0,3.41,45.490196,350.0,22.745098,0.0234375,0.0,35.0,47.0,0.0,-0.0078125,0.0,0.0,99.0,0.0,0.0,0.0,3.0,0.0,0.0,null,14.483,-0.01634383387863636
91,23011501,0,20230115125126,37.3669353,127.1586014,0.0,908.5,14.509804,14.509804,7970.0,3.33,45.490196,350.0,22.352942,0.0234375,0.0,35.0,47.0,0.0,-0.0078125,0.0,0.0,99.0,0.0,0.0,0.0,3.0,0.0,0.0,null,14.483,-0.012880096212029457
92,23011501,0,20230115125127,37.3669353,127.1586014,0.0,908.5,14.509804,14.509804,7810.0,3.33,45.490196,350.0,22.352942,0.0234375,0.0,35.0,47.0,0.0,-0.0078125,0.0,0.0,99.0,0.0,0.0,0.0,3.0,0.0,0.0,null,14.483,-0.014578232541680336
93,23011501,0,20230115125128,37.3669353,127.1586014,0.0,902.0,14.509804,14.509804,7810.0,3.33,45.490196,350.0,22.352942,0.0234375,0.0,35.0,47.0,0.0,-0.0078125,0.0,0.0,99.0,0.0,0.0,0.0,3.0,0.0,0.0,null,14.483,-0.007527827750891447
94,23011501,0,20230115125129,37.3669353,127.1586014,0.0,905.5,14.509804,14.509804,7810.0,3.36,45.490196,350.0,22.352942,0.0234375,0.0,35.0,47.0,0.0,-0.0078125,0.0,0.0,99.0,0.0,0.0,0.0,3.0,0.0,0.0,null,14.483,-0.014397320337593555
95,23011501,0,20230115125130,37.3669353,127.1586014,0.0,905.5,14.509804,14.509804,7950.0,3.36,45.490196,350.0,22.352942,0.0234375,0.0,35.0,48.0,0.0,-0.0078125,0.0,0.0,99.0,0.0,0.0,0.0,3.0,0.0,0.0,null,14.483,-0.013664387166500092
96,23011501,0,20230115125131,37.3669353,127.1586014,0.0,903.5,14.509804,14.509804,7950.0,3.27,45.490196,350.0,22.745098,0.0234375,0.0,34.0,48.0,0.0,-0.0078125,0.0,0.0,99.0,0.0,0.0,0.0,3.0,0.0,0.0,null,14.483,-0.006932154297828674
97,23011501,0,20230115125132,37.3669353,127.1586014,0.0,903.5,14.509804,14.117647,7940.0,3.36,45.490196,350.0,22.745098,0.0234375,0.0,34.0,48.0,0.0,-0.0078125,0.0,0.0,99.0,0.0,0.0,0.0,3.0,0.0,0.0,null,14.483,-0.011579873040318489
98,23011501,0,20230115125133,37.3669353,127.1586014,0.0,899.0,14.509804,14.117647,7940.0,3.36,45.490196,350.0,22.352942,0.0234375,0.0,34.0,48.0,0.0,-0.0078125,0.0,0.0,99.0,0.0,0.0,0.0,3.0,0.0,0.0,null,14.483,-0.01186226587742567
99,23011501,0,20230115125134,37.3669353,127.1586014,0.0,900.5,14.509804,14.117647,7940.0,3.3,45.490196,350.0,22.352942,0.0234375,0.0,34.0,48.0,0.0,-0.0078125,0.0,0.0,99.0,0.0,0.0,0.0,3.0,0.0,0.0,null,14.483,-0.012135031633079052
100,23011501,0,20230115125135,37.3669353,127.1586014,0.0,900.5,14.509804,14.117647,7900.0,3.3,45.490196,350.0,22.352942,0.0234375,0.0,34.0,48.0,0.0,-0.0078125,0.0,0.0,99.0,0.0,0.0,0.0,3.0,0.0,0.0,null,14.506,-0.011735859327018261
101,23011501,0,20230115125136,37.3669353,127.1586014,0.0,897.0,14.509804,14.117647,7900.0,3.38,45.490196,350.0,22.745098,0.0234375,0.0,35.0,48.0,0.0,-0.0078125,0.0,0.0,99.0,0.0,0.0,0.0,3.0,0.0,0.0,null,14.506,-0.011861015111207962
102,23011501,0,20230115125137,37.3669353,127.1586014,0.0,897.0,14.509804,14.509804,7830.0,3.38,45.490196,350.0,22.745098,0.0234375,0.0,35.0,48.0,0.0,-0.0078125,0.0,0.0,99.0,0.0,0.0,0.0,3.0,0.0,0.0,null,14.506,-0.014372717589139938
103,23011501,0,20230115125138,37.3669353,127.1586014,0.0,893.0,14.509804,14.509804,7830.0,3.33,45.490196,350.0,22.745098,0.0234375,0.0,35.0,48.0,0.0,-0.0078125,0.0,0.0,99.0,0.0,0.0,0.0,3.0,0.0,0.0,null,14.506,-0.017112215980887413
104,23011501,0,20230115125139,37.3669353,127.1586014,0.0,893.0,14.509804,14.509804,7830.0,3.33,45.490196,350.0,22.745098,0.0234375,0.0,35.0,48.0,0.0,-0.0078125,0.0,0.0,99.0,0.0,0.0,0.0,3.0,0.0,0.0,null,14.506,-0.012489663437008858
105,23011501,0,20230115125140,37.3669353,127.1586014,0.0,898.0,14.509804,14.509804,7810.0,3.33,45.490196,350.0,22.745098,0.0234375,0.0,35.0,48.0,0.0,-0.0078125,0.0,0.0,99.0,0.0,0.0,0.0,3.0,0.0,0.0,null,14.506,-0.01215311512351036
106,23011501,0,20230115125141,37.3669353,127.1586014,0.0,897.0,14.509804,14.509804,7810.0,3.36,45.490196,350.0,22.745098,0.0234375,0.0,34.0,48.0,0.0,-0.0078125,0.0,0.0,99.0,0.0,0.0,0.0,3.0,0.0,0.0,null,14.506,-0.00846298411488533
107,23011501,0,20230115125142,37.3669353,127.1586014,0.0,897.0,14.509804,14.509804,7930.0,3.33,45.490196,350.0,22.352942,0.0234375,0.0,34.0,48.0,0.0,-0.0078125,0.0,0.0,99.0,0.0,0.0,0.0,3.0,0.0,0.0,null,14.506,-0.013648084364831448
108,23011501,0,20230115125143,37.3669353,127.1586014,0.0,896.0,14.509804,14.509804,7930.0,3.33,45.490196,350.0,22.745098,0.0234375,0.0,35.0,48.0,0.0,-0.0078125,0.0,0.0,99.0,0.0,0.0,0.0,3.0,0.0,0.0,null,14.506,-0.014342323876917362
109,23011501,0,20230115125144,37.3669353,127.1586014,0.0,896.0,14.509804,14.509804,7930.0,3.38,45.490196,350.0,22.745098,0.0234375,0.0,35.0,48.0,0.0,-0.0078125,0.0,0.0,99.0,0.0,0.0,0.0,3.0,0.0,0.0,null,14.506,-0.010886476375162601
110,23011501,0,20230115125145,37.3669353,127.1586014,0.0,897.0,14.509804,14.509804,7920.0,3.38,45.490196,350.0,22.352942,0.0234375,0.0,35.0,48.0,0.0,-0.0078125,0.0,0.0,99.0,0.0,0.0,0.0,3.0,0.0,0.0,null,14.506,-0.009230861440300941
111,23011501,0,20230115125146,37.3669353,127.1586014,0.0,899.5,14.509804,14.509804,7920.0,3.33,45.490196,350.0,22.352942,0.0234375,0.0,34.0,48.0,0.0,-0.0078125,0.0,0.0,99.0,0.0,0.0,0.0,3.0,0.0,0.0,null,14.506,-0.015261554159224033
112,23011501,0,20230115125147,37.3669353,127.1586014,0.0,899.5,14.509804,14.509804,7940.0,3.33,45.490196,350.0,22.745098,0.0234375,0.0,34.0,48.0,0.0,-0.0078125,0.0,0.0,99.0,0.0,0.0,0.0,3.0,0.0,0.0,null,14.506,-0.012199574150145054
113,23011501,0,20230115125148,37.3669353,127.1586014,0.0,892.0,14.509804,14.509804,7940.0,3.33,45.490196,350.0,22.745098,0.0234375,0.0,35.0,48.0,0.0,-0.0078125,0.0,0.0,99.0,0.0,0.0,0.0,3.0,0.0,0.0,null,14.506,-0.01400838978588581
114,23011501,0,20230115125149,37.3669353,127.1586014,0.0,893.0,14.509804,14.509804,7940.0,3.3,45.490196,350.0,22.745098,0.0234375,0.0,35.0,48.0,0.0,-0.0078125,0.0,0.0,99.0,0.0,0.0,0.0,3.0,0.0,0.0,null,14.506,-0.011447813361883163
115,23011501,0,20230115125150,37.3669353,127.1586014,0.0,893.0,14.509804,14.509804,7800.0,3.3,45.490196,350.0,22.352942,0.0234375,0.0,35.0,48.0,0.0,-0.0078125,0.0,0.0,99.0,0.0,0.0,0.0,3.0,0.0,0.0,null,14.506,-0.0174788199365139
116,23011501,0,20230115125151,37.3669353,127.1586014,0.0,897.0,14.509804,14.509804,7800.0,3.36,45.490196,350.0,22.352942,0.0234375,0.0,35.0,48.0,0.0,-0.0078125,0.0,0.0,99.0,0.0,0.0,0.0,3.0,0.0,0.0,null,14.506,-0.020455442368984222
117,23011501,0,20230115125152,37.3669353,127.1586014,0.0,898.5,14.509804,14.509804,7900.0,3.33,45.490196,350.0,22.352942,0.0234375,0.0,35.0,48.0,0.0,-0.0078125,0.0,0.0,99.0,0.0,0.0,0.0,3.0,0.0,0.0,null,14.506,-0.01931781694293022
118,23011501,0,20230115125153,37.3669353,127.1586014,0.0,898.5,14.509804,14.509804,7900.0,3.33,45.490196,350.0,22.352942,0.0234375,0.0,35.0,48.0,0.0,-0.0078125,0.0,0.0,99.0,0.0,0.0,0.0,3.0,0.0,0.0,null,14.506,-0.017324358224868774
119,23011501,0,20230115125154,37.3669353,127.1586014,0.0,895.0,14.509804,14.509804,7900.0,3.33,45.490196,350.0,22.745098,0.0234375,0.0,35.0,48.0,0.0,-0.0078125,0.0,0.0,99.0,0.0,0.0,0.0,3.0,0.0,0.0,null,14.506,-0.01612996682524681
120,23011501,0,20230115125155,37.3669353,127.1586014,0.0,895.0,14.509804,14.509804,7800.0,3.3,45.490196,350.0,22.745098,0.0234375,0.0,35.0,48.0,0.0,-0.0078125,0.0,0.0,99.0,0.0,0.0,0.0,3.0,0.0,0.0,null,14.506,-0.01627666875720024
121,23011501,0,20230115125156,37.3669353,127.1586014,0.0,899.0,14.509804,14.509804,7800.0,3.3,45.490196,350.0,21.960785,0.0234375,0.0,35.0,48.0,0.0,-0.0078125,0.0,0.0,99.0,0.0,0.0,0.0,3.0,0.0,0.0,null,14.506,-0.01853909157216549
122,23011501,0,20230115125157,37.3669353,127.1586014,0.0,891.5,14.509804,14.117647,7950.0,3.33,45.490196,350.0,21.960785,0.0234375,0.0,35.0,48.0,0.0,-0.0078125,0.0,0.0,99.0,0.0,0.0,0.0,3.0,0.0,0.0,null,14.506,-0.019332213327288628
123,23011501,0,20230115125158,37.3669353,127.1586014,0.0,891.5,14.509804,14.509804,7950.0,3.3,45.490196,350.0,22.745098,0.0234375,0.0,35.0,48.0,0.0,-0.0078125,0.0,0.0,99.0,0.0,0.0,0.0,3.0,0.0,0.0,null,14.506,-0.01638236828148365
124,23011501,0,20230115125159,37.3669353,127.1586014,0.0,893.5,14.509804,14.509804,7810.0,3.3,45.490196,350.0,22.745098,0.0234375,0.0,34.0,48.0,0.0,-0.0078125,0.0,0.0,99.0,0.0,0.0,0.0,3.0,0.0,0.0,null,14.506,-0.01437176764011383
125,23011501,0,20230115125200,37.3669353,127.1586014,0.0,905.5,14.509804,14.509804,7810.0,3.33,45.490196,350.0,22.745098,0.0234375,0.0,35.0,49.0,0.0,-0.0078125,0.0,0.0,99.0,0.0,0.0,0.0,3.0,0.0,0.0,null,14.506,-0.015034527517855167
126,23011501,0,20230115125201,37.3669353,127.1586014,0.0,905.5,14.509804,14.509804,7950.0,3.33,45.490196,350.0,21.960785,0.0234375,0.0,35.0,49.0,0.0,-0.0078125,0.0,0.0,99.0,0.0,0.0,0.0,3.0,0.0,0.0,null,14.506,-0.0152257289737463
127,23011501,0,20230115125202,37.3669353,127.1586014,0.0,908.0,14.509804,14.509804,7950.0,3.41,45.490196,350.0,22.352942,0.0234375,0.0,34.0,49.0,0.0,-0.0078125,0.0,0.0,99.0,0.0,0.0,0.0,3.0,0.0,0.0,null,14.506,-0.016457265242934227
128,23011501,0,20230115125203,37.3669353,127.1586014,0.0,908.0,14.509804,14.509804,7950.0,3.33,45.490196,350.0,22.352942,0.0234375,0.0,35.0,49.0,0.0,-0.0078125,0.0,0.0,99.0,0.0,0.0,0.0,3.0,0.0,0.0,null,14.506,-0.01457493007183075
129,23011501,0,20230115125204,37.3669353,127.1586014,0.0,905.5,14.509804,14.509804,7970.0,3.33,45.490196,350.0,22.352942,0.0234375,0.0,35.0,49.0,0.0,-0.0078125,0.0,0.0,99.0,0.0,0.0,0.0,3.0,0.0,0.0,null,14.506,-0.01735735312104225
130,23011501,0,20230115125205,37.3669353,127.1586014,0.0,891.5,14.509804,14.509804,7970.0,3.36,45.490196,350.0,22.352942,0.0234375,0.0,35.0,49.0,0.0,-0.0078125,0.0,0.0,99.0,0.0,0.0,0.0,3.0,0.0,0.0,null,14.506,-0.011955196037888527
131,23011501,0,20230115125206,37.3669353,127.1586014,0.0,891.5,14.509804,14.509804,7950.0,3.36,45.490196,350.0,22.352942,0.03125,0.0,35.0,49.0,0.0,-0.0078125,0.0,0.0,99.0,0.0,0.0,0.0,3.0,0.0,0.0,null,14.506,-0.010530623607337475
132,23011501,0,20230115125207,37.3669353,127.1586014,0.0,847.0,14.509804,14.509804,7950.0,3.33,45.490196,350.0,30.19608,0.03125,0.0,43.0,49.0,0.0,-0.0078125,0.0,0.0,99.0,0.0,0.0,0.0,3.0,0.0,0.0,null,14.506,-0.013804413378238678
133,23011501,0,20230115125208,37.3669353,127.1586014,0.0,847.0,14.509804,14.90196,7950.0,3.86,45.490196,350.0,30.19608,0.03125,0.0,44.0,49.0,0.0,-0.0078125,0.0,0.0,99.0,0.0,0.0,0.0,3.0,0.0,0.0,null,14.506,-0.02085857465863228
134,23011501,0,20230115125209,37.3669353,127.1586014,0.0,766.5,14.509804,14.90196,7860.0,3.86,45.490196,350.0,33.333332,0.03125,0.0,44.0,49.0,0.0,-0.0078125,0.0,0.0,99.0,0.0,0.0,0.0,3.0,0.0,0.0,null,14.506,-0.023451661691069603
135,23011501,0,20230115125210,37.3669353,127.1586014,0.0,775.5,14.509804,14.90196,7860.0,3.63,45.490196,350.0,33.333332,0.03125,0.0,44.0,49.0,0.0,-0.0078125,0.0,0.0,99.0,0.0,0.0,0.0,3.0,0.0,0.0,null,14.506,-0.013556890189647675
136,23011501,0,20230115125211,37.3669353,127.1586014,0.0,775.5,14.509804,14.90196,7860.0,3.63,45.490196,350.0,32.156864,0.03125,0.0,44.0,49.0,0.0,-0.0078125,0.0,0.0,99.0,0.0,0.0,0.0,3.0,0.0,0.0,null,14.506,-0.06763343513011932
137,23011501,0,20230115125212,37.3669353,127.1586014,0.0,794.5,14.509804,14.90196,7970.0,4.0,45.490196,350.0,32.156864,0.03125,0.0,51.0,49.0,0.0,-0.0078125,0.0,0.0,99.0,0.0,0.0,0.0,3.0,0.0,0.0,null,14.506,-0.8329924941062927
138,23011501,0,20230115125213,37.3669353,127.1586014,0.0,794.5,14.509804,14.509804,7970.0,4.0,45.490196,350.0,32.54902,0.03125,0.0,51.0,49.0,0.0,-0.0078125,0.0,0.0,99.0,0.0,0.0,0.0,3.0,0.0,0.0,null,14.506,-2.3179049491882324
139,23011501,0,20230115125214,37.3669324,127.1586039,0.0,768.5,14.509804,14.509804,7970.0,3.61,45.490196,350.0,32.156864,0.03125,0.0,44.0,49.0,0.0,-0.0078125,0.0,0.0,99.0,0.0,0.0,0.0,3.0,0.0,0.0,null,14.506,-2.3469438552856445
140,23011501,0,20230115125215,37.3669292,127.158606,0.0,768.5,14.509804,14.509804,7990.0,3.97,45.490196,350.0,32.156864,0.03125,0.0,44.0,50.0,0.0,-0.0078125,0.0,0.0,99.0,0.0,0.0,0.0,3.0,0.0,0.0,null,14.506,-3.1127548217773438
141,23011501,0,20230115125216,37.366926,127.158608,0.0,819.5,14.509804,14.509804,7990.0,3.97,45.490196,350.0,32.156864,0.03125,0.0,44.0,50.0,0.0,-0.0078125,0.0,0.0,99.0,0.0,0.0,0.0,3.0,0.0,0.0,null,14.506,-3.787252426147461
142,23011501,0,20230115125217,37.3669193,127.1586106,0.0,819.5,14.509804,14.509804,7980.0,3.44,45.490196,350.0,32.156864,0.03125,0.0,44.0,50.0,0.0,-0.0078125,0.0,0.0,99.0,0.0,0.0,0.0,3.0,0.0,0.0,null,14.506,-2.394930839538574
143,23011501,0,20230115125218,37.3669157,127.1586115,0.0,746.5,14.509804,14.509804,7980.0,3.44,45.490196,350.0,31.37255,0.03125,0.0,44.0,50.0,0.0,-0.0078125,0.0,0.0,99.0,0.0,0.0,0.0,3.0,0.0,0.0,null,14.506,-2.2319986820220947
144,23011501,0,20230115125219,37.3669157,127.1586115,0.0,755.0,14.509804,14.509804,7980.0,3.58,45.490196,350.0,31.37255,0.03125,0.0,46.0,50.0,0.0,-0.0078125,0.0,0.0,99.0,0.0,0.0,0.0,3.0,0.0,0.0,null,14.506,-1.049099087715149
145,23011501,0,20230115125220,37.3669157,127.1586115,0.0,755.0,14.509804,14.509804,7980.0,3.58,45.490196,350.0,31.764706,0.03125,0.0,46.0,50.0,0.0,-0.0078125,0.0,0.0,99.0,0.0,0.0,0.0,3.0,0.0,0.0,null,14.506,-0.6933632493019104
146,23011501,0,20230115125221,37.3669157,127.1586115,0.0,782.0,14.509804,14.509804,7980.0,3.8,45.490196,350.0,32.156864,0.03125,0.0,45.0,50.0,0.0,-0.0078125,0.0,0.0,99.0,0.0,0.0,0.0,3.0,0.0,0.0,null,14.506,-0.2799229323863983
147,23011501,0,20230115125222,37.3669157,127.1586115,0.0,782.0,14.509804,14.509804,7860.0,3.52,45.490196,350.0,32.156864,0.03125,0.0,45.0,50.0,0.0,-0.0078125,0.0,0.0,99.0,0.0,0.0,0.0,3.0,0.0,0.0,null,14.506,-0.11477049440145493
148,23011501,0,20230115125223,37.3669157,127.1586115,0.0,747.0,14.509804,14.509804,7860.0,3.52,45.490196,350.0,30.980392,0.03125,0.0,44.0,50.0,0.0,-0.0078125,0.0,0.0,99.0,0.0,0.0,0.0,3.0,0.0,0.0,null,14.506,-0.013952902518212795
149,23011501,0,20230115125224,37.3669157,127.1586115,0.0,748.5,14.509804,14.509804,7860.0,3.44,45.490196,350.0,30.980392,0.03125,0.0,43.0,50.0,0.0,-0.0078125,0.0,0.0,99.0,0.0,0.0,0.0,3.0,0.0,0.0,null,14.506,-0.1468569040298462
150,23011501,0,20230115125225,37.3669157,127.1586115,0.0,748.5,14.509804,14.509804,7880.0,3.44,45.490196,350.0,31.37255,0.03125,0.0,43.0,50.0,0.0,-0.0078125,0.0,0.0,99.0,0.0,0.0,0.0,4.0,0.0,0.0,null,14.506,-0.22396956384181976
151,23011501,0,20230115125226,37.3669157,127.1586115,0.0,738.5,14.509804,14.509804,7880.0,3.52,45.490196,350.0,32.941177,0.03125,0.0,44.0,50.0,0.0,-0.0078125,0.0,0.0,99.0,0.0,0.0,0.0,4.0,0.0,0.0,null,14.506,-0.5809898972511292
152,23011501,0,20230115125227,37.3669122,127.1586117,0.0,738.5,14.509804,14.509804,7930.0,4.27,45.490196,350.0,32.941177,0.03125,0.0,45.0,50.0,0.0,-0.0078125,0.0,0.0,99.0,0.0,0.0,0.0,4.0,0.0,0.0,null,14.506,-1.415978193283081
153,23011501,0,20230115125228,37.3669122,127.1586117,0.0,813.5,14.509804,14.509804,7930.0,4.27,45.490196,350.0,32.156864,0.03125,0.0,45.0,50.0,0.0,-0.0078125,0.0,0.0,99.0,0.0,0.0,0.0,4.0,0.0,0.0,null,14.506,-2.7585957050323486
154,23011501,0,20230115125229,37.3669086,127.1586112,0.0,781.5,14.509804,14.509804,7930.0,3.52,45.490196,350.0,32.156864,0.03125,0.0,44.0,50.0,0.0,-0.0078125,0.0,0.0,99.0,0.0,0.0,0.0,4.0,0.0,0.0,null,14.506,-3.2127773761749268
155,23011501,0,20230115125230,37.3669052,127.1586102,2.0,781.5,14.90196,14.509804,7980.0,3.69,45.490196,350.0,32.156864,0.03125,0.0,44.0,51.0,0.0,-0.0078125,0.0,0.0,99.0,0.0,0.0,0.0,4.0,0.0,0.0,null,14.506,-4.145249843597412
156,23011501,0,20230115125231,37.3669018,127.1586088,3.0,808.5,14.90196,14.509804,7980.0,3.69,45.490196,350.0,30.980392,0.03125,0.0,44.0,51.0,0.0,-0.0078125,0.0,0.0,99.0,0.0,0.0,0.0,4.0,0.0,0.0,null,14.506,-4.205430507659912
157,23011501,0,20230115125232,37.3668954,127.158605,3.0,1043.5,14.90196,14.509804,7760.0,4.63,45.882355,350.0,30.980392,0.03125,0.0,61.0,51.0,0.0,-0.0078125,0.0,0.0,99.0,0.0,0.0,0.0,4.0,0.0,0.0,null,14.506,-4.213632583618164
158,23011501,0,20230115125233,37.3668864,127.1585977,5.0,1043.5,23.529411,14.509804,7760.0,4.63,45.882355,350.0,23.529411,0.03125,0.0,61.0,51.0,0.0,-0.0078125,0.0,0.0,99.0,0.0,0.0,0.0,4.0,0.0,0.0,null,14.506,-4.194607734680176
159,23011501,0,20230115125234,37.3668783,127.158589,6.0,1143.5,23.529411,15.686275,7760.0,5.08,45.882355,350.0,19.215687,0.03125,0.0,53.0,51.0,0.0,-0.0078125,0.0,0.0,99.0,0.0,0.0,0.0,4.0,0.0,0.0,null,14.506,-2.896063804626465
160,23011501,0,20230115125235,37.3668682,127.1585764,7.0,1143.5,26.27451,15.686275,7910.0,6.13,45.882355,350.0,19.215687,0.03125,0.0,53.0,51.0,0.0,-0.0078125,0.0,0.0,99.0,0.0,0.0,0.0,4.0,0.0,0.0,null,14.53,-2.251042127609253
161,23011501,0,20230115125236,37.3668566,127.1585594,8.0,1324.5,26.27451,15.686275,7910.0,6.13,45.882355,350.0,19.215687,0.03125,0.0,55.0,51.0,0.0,-0.0078125,0.0,0.0,99.0,0.0,0.0,0.0,3.0,0.0,0.0,null,14.53,-1.298140525817871
162,23011501,0,20230115125237,37.3668436,127.1585382,8.0,1324.5,26.27451,15.294118,7910.0,4.63,45.882355,350.0,19.215687,-0.015625,0.0,31.0,51.0,0.0,-0.0078125,0.0,0.0,99.0,0.0,0.0,0.0,3.0,0.0,0.0,null,14.53,-0.33134725689888
163,23011501,0,20230115125238,37.3668307,127.1585169,7.0,1099.0,14.509804,15.294118,7910.0,4.63,45.882355,350.0,16.078432,-0.015625,0.0,31.0,51.0,0.0,-0.0078125,0.0,0.0,99.0,0.0,0.0,0.0,3.0,0.0,0.0,null,14.53,0.6112485527992249
164,23011501,0,20230115125239,37.3668173,127.1584959,7.0,865.5,14.509804,13.725491,7910.0,2.77,45.882355,350.0,16.078432,-0.015625,0.0,32.0,51.0,0.0,-0.0078125,0.0,0.0,99.0,0.0,0.0,0.0,3.0,0.0,0.0,null,14.53,2.833375930786133
165,23011501,0,20230115125240,37.3668052,127.1584796,7.0,865.5,14.509804,13.725491,7820.0,2.77,45.882355,350.0,20.0,-0.015625,0.0,32.0,51.0,0.0,-0.0078125,0.0,0.0,99.0,0.0,0.0,0.0,3.0,0.0,0.0,null,14.53,5.964768886566162
166,23011501,0,20230115125241,37.3667908,127.1584665,7.0,1029.0,19.215687,13.725491,7820.0,2.88,45.882355,350.0,16.862745,-0.015625,0.0,39.0,51.0,0.0,-0.0078125,0.0,0.0,99.0,0.0,0.0,0.0,3.0,0.0,0.0,null,14.53,7.462840557098389
167,23011501,0,20230115125242,37.3667745,127.1584577,8.0,1029.0,19.215687,14.90196,7870.0,4.44,45.882355,350.0,16.862745,-0.015625,0.0,39.0,51.0,0.0,-0.0078125,0.0,0.0,99.0,0.0,0.0,0.0,4.0,0.0,0.0,null,14.53,5.944563388824463
168,23011501,0,20230115125243,37.366757,127.1584533,9.0,1179.0,23.921568,14.90196,7870.0,4.44,45.882355,350.0,20.0,-0.015625,0.0,47.0,51.0,0.0,-0.0078125,0.0,0.0,99.0,0.0,0.0,0.0,4.0,0.0,0.0,null,14.53,7.352180480957031
169,23011501,0,20230115125244,37.3667392,127.1584533,9.0,1139.0,23.921568,14.509804,7870.0,3.44,45.882355,350.0,20.0,-0.015625,0.0,40.0,51.0,0.0,-0.0078125,0.0,0.0,99.0,0.0,0.0,0.0,4.0,0.0,0.0,null,14.53,8.283327102661133
170,23011501,0,20230115125245,37.3667187,127.1584601,9.0,1139.0,23.921568,14.509804,7880.0,3.44,45.882355,350.0,19.215687,-0.015625,0.0,40.0,51.0,0.0,-0.0078125,0.0,0.0,99.0,0.0,0.0,0.0,4.0,0.0,0.0,null,14.53,7.306536674499512
171,23011501,0,20230115125246,37.3666998,127.1584729,11.0,1590.0,27.450981,14.509804,7880.0,7.05,45.882355,350.0,22.745098,-0.015625,0.0,60.0,51.0,0.0,-0.0078125,0.0,0.0,99.0,0.0,0.0,0.0,4.0,0.0,0.0,null,14.53,2.8477654457092285
172,23011501,0,20230115125247,37.3666794,127.1584907,12.0,1590.0,27.450981,16.078432,8200.0,4.69,45.882355,350.0,22.745098,-0.015625,0.0,60.0,51.0,0.0,-0.0078125,0.0,0.0,99.0,0.0,0.0,0.0,4.0,0.0,0.0,null,14.53,-0.078850656747818
173,23011501,0,20230115125248,37.3666561,127.1585113,10.0,1085.5,14.509804,16.078432,8200.0,4.69,45.882355,350.0,16.862745,-0.015625,0.0,29.0,51.0,0.0,-0.0078125,0.0,0.0,99.0,0.0,0.0,0.0,3.0,0.0,0.0,null,14.53,-0.5423678755760193
174,23011501,0,20230115125249,37.3666298,127.1585343,9.0,750.0,14.509804,14.117647,8200.0,3.16,45.882355,350.0,16.862745,-0.015625,0.0,41.0,51.0,0.0,-0.0078125,0.0,0.0,99.0,0.0,0.0,0.0,3.0,0.0,0.0,null,14.53,0.037919946014881134
175,23011501,0,20230115125250,37.3666094,127.1585522,7.0,750.0,14.509804,14.117647,7970.0,3.16,45.882355,350.0,32.941177,-0.015625,0.0,41.0,51.0,0.0,-0.0078125,0.0,0.0,99.0,0.0,0.0,0.0,4.0,0.0,0.0,null,14.53,0.22075852751731873
176,23011501,0,20230115125251,37.3665919,127.1585677,5.0,779.5,14.509804,14.117647,7970.0,4.27,45.882355,350.0,35.294117,-0.015625,0.0,49.0,51.0,0.0,-0.0078125,0.0,0.0,99.0,0.0,0.0,0.0,4.0,0.0,0.0,null,14.53,0.14130204916000366
177,23011501,0,20230115125252,37.3665804,127.1585782,0.0,779.5,14.509804,14.90196,7850.0,4.0,45.882355,350.0,35.294117,-0.015625,0.0,49.0,51.0,0.0,-0.0078125,0.0,0.0,99.0,0.0,0.0,0.0,4.0,0.0,0.0,null,14.53,0.31891897320747375
178,23011501,0,20230115125253,37.3665718,127.1585863,0.0,768.0,14.509804,14.90196,7850.0,4.0,45.882355,350.0,36.47059,-0.015625,0.0,51.0,51.0,0.0,-0.0078125,0.0,0.0,99.0,0.0,0.0,0.0,4.0,0.0,0.0,null,14.53,0.3538534939289093
179,23011501,0,20230115125254,37.3665662,127.1585916,2.0,772.5,14.509804,14.90196,7850.0,4.0,45.882355,350.0,36.47059,-0.015625,0.0,50.0,51.0,0.0,-0.0078125,0.0,0.0,99.0,0.0,0.0,0.0,4.0,0.0,0.0,null,14.53,0.4705312252044678
180,23011501,0,20230115125255,37.3665634,127.1585944,4.0,772.5,14.509804,14.90196,7950.0,4.0,45.882355,350.0,34.901962,-0.015625,0.0,50.0,51.0,0.0,-0.0078125,0.0,0.0,99.0,0.0,0.0,0.0,4.0,0.0,0.0,null,14.53,1.5699396133422852
181,23011501,0,20230115125256,37.3665579,127.1586002,5.0,813.0,14.509804,14.90196,7950.0,3.77,45.882355,350.0,28.62745,-0.015625,0.0,43.0,51.0,0.0,-0.0078125,0.0,0.0,99.0,0.0,0.0,0.0,4.0,0.0,0.0,null,14.53,2.952949047088623
182,23011501,0,20230115125257,37.3665504,127.1586096,5.0,813.0,14.509804,16.078432,8630.0,6.19,45.882355,350.0,28.62745,-0.015625,0.0,43.0,51.0,0.0,-0.0078125,0.0,0.0,99.0,0.0,0.0,0.0,4.0,0.0,0.0,null,14.53,4.542916774749756
183,23011501,0,20230115125258,37.3665436,127.15862,9.0,1239.5,14.509804,16.078432,8630.0,6.19,45.882355,350.0,32.941177,-0.015625,0.0,78.0,51.0,0.0,-0.0078125,0.0,0.0,99.0,0.0,0.0,0.0,4.0,0.0,0.0,null,14.53,7.605913162231445
184,23011501,0,20230115125259,37.3665371,127.1586358,10.0,1555.0,27.058823,18.039215,8630.0,7.55,45.882355,350.0,32.941177,-0.015625,0.0,61.0,51.0,0.0,-0.0078125,0.0,0.0,99.0,0.0,0.0,0.0,4.0,0.0,0.0,null,14.53,9.451967239379883
185,23011501,0,20230115125300,37.3665333,127.158662,12.0,1555.0,27.058823,18.039215,9730.0,7.55,45.882355,350.0,23.529411,-0.015625,0.0,61.0,52.0,0.0,-0.0078125,0.0,0.0,99.0,0.0,0.0,0.0,4.0,0.0,0.0,null,14.53,8.073067665100098
186,23011501,0,20230115125301,37.3665361,127.1586975,14.0,1257.0,26.666666,18.039215,9730.0,10.11,45.882355,350.0,30.19608,-0.015625,0.0,78.0,52.0,0.0,-0.0078125,0.0,0.0,99.0,0.0,0.0,0.0,4.0,0.0,0.0,null,14.53,1.8532037734985352
187,23011501,0,20230115125302,37.3665424,127.1587369,15.0,1257.0,26.666666,18.431372,9550.0,10.11,46.27451,350.0,30.19608,-0.015625,0.0,78.0,52.0,0.0,-0.0078125,0.0,0.0,99.0,0.0,0.0,0.0,4.0,0.0,0.0,null,14.53,-2.705617904663086
188,23011501,0,20230115125303,37.366547,127.1587811,16.0,1389.0,26.666666,18.431372,9550.0,8.72,46.27451,350.0,25.490196,-0.015625,0.0,74.0,52.0,0.0,-0.0078125,0.0,0.0,99.0,0.0,0.0,0.0,4.0,0.0,0.0,null,14.53,-4.0056376457214355
189,23011501,0,20230115125304,37.3665478,127.1588347,17.0,1389.0,18.431372,15.686275,9550.0,4.83,46.27451,350.0,25.490196,-0.015625,0.0,74.0,52.0,0.0,-0.0078125,0.0,0.0,99.0,0.0,0.0,0.0,4.0,0.0,0.0,null,14.53,-2.5776166915893555
190,23011501,0,20230115125305,37.3665447,127.1588881,16.0,1314.5,18.431372,15.686275,9550.0,4.83,46.27451,350.0,12.156863,-0.015625,0.0,29.0,52.0,0.0,-0.0078125,0.0,0.0,99.0,0.0,0.0,0.0,3.0,0.0,0.0,null,14.53,-2.592525005340576
191,23011501,0,20230115125306,37.3665382,127.1589455,16.0,1314.5,25.09804,15.686275,7890.0,7.77,46.27451,350.0,12.156863,-0.015625,0.0,29.0,52.0,0.0,-0.0078125,0.0,0.0,99.0,0.0,0.0,0.0,3.0,0.0,0.0,null,14.601,-2.518533706665039
192,23011501,0,20230115125307,37.3665296,127.1589935,17.0,1588.0,25.09804,15.686275,7890.0,7.77,46.27451,350.0,24.313726,-0.015625,0.0,61.0,52.0,0.0,-0.0078125,0.0,0.0,99.0,0.0,0.0,0.0,4.0,0.0,0.0,null,14.601,-0.41815224289894104
193,23011501,0,20230115125308,37.3665191,127.1590453,17.0,1588.0,25.09804,16.078432,7890.0,5.8,46.27451,350.0,24.313726,-0.015625,0.0,61.0,52.0,0.0,-0.0078125,0.0,0.0,99.0,0.0,0.0,0.0,4.0,0.0,0.0,null,14.601,0.7114313244819641
194,23011501,0,20230115125309,37.3665086,127.1591019,18.0,1455.0,25.09804,16.078432,7890.0,5.8,46.27451,350.0,21.17647,-0.015625,0.0,49.0,52.0,0.0,-0.0078125,0.0,0.0,99.0,0.0,0.0,0.0,4.0,0.0,0.0,null,14.601,0.8945828080177307
195,23011501,0,20230115125310,37.3665,127.1591544,18.0,1490.0,25.09804,17.254902,7890.0,6.33,46.27451,350.0,21.17647,-0.015625,0.0,39.0,52.0,0.0,-0.0078125,0.0,0.0,99.0,0.0,0.0,0.0,4.0,0.0,0.0,null,14.601,-0.3771129250526428
196,23011501,0,20230115125311,37.3664899,127.1592156,18.0,1490.0,25.09804,17.254902,7930.0,6.33,46.27451,350.0,13.725491,-0.015625,0.0,39.0,52.0,0.0,-0.0078125,0.0,0.0,99.0,0.0,0.0,0.0,3.0,0.0,0.0,null,14.601,0.014184619300067425
197,23011501,0,20230115125312,37.3664801,127.1592723,19.0,907.5,14.509804,17.254902,7930.0,3.52,46.27451,350.0,20.392157,-0.015625,0.0,34.0,52.0,0.0,-0.0078125,0.0,0.0,99.0,0.0,0.0,0.0,3.0,0.0,0.0,null,14.601,0.23068907856941223
198,23011501,0,20230115125313,37.3664707,127.1593292,20.0,907.5,14.509804,14.117647,7890.0,3.25,46.27451,350.0,20.392157,-0.015625,0.0,34.0,52.0,0.0,-0.0078125,0.0,0.0,99.0,0.0,0.0,0.0,4.0,0.0,0.0,null,14.601,1.642624855041504
199,23011501,0,20230115125314,37.3664637,127.159391,19.0,917.0,14.509804,14.117647,7890.0,3.25,46.27451,350.0,20.0,-0.015625,0.0,33.0,52.0,0.0,-0.0078125,0.0,0.0,99.0,0.0,0.0,0.0,4.0,0.0,0.0,null,14.601,3.620944023132324
200,23011501,0,20230115125315,37.3664618,127.1594489,15.0,874.5,14.509804,14.117647,7890.0,3.27,46.27451,350.0,20.0,-0.015625,0.0,35.0,52.0,0.0,-0.0078125,0.0,0.0,99.0,0.0,0.0,0.0,4.0,0.0,0.0,null,14.601,1.6282068490982056
201,23011501,0,20230115125316,37.3664629,127.1595069,12.0,874.5,14.509804,14.117647,7940.0,3.27,46.27451,350.0,25.09804,-0.015625,0.0,35.0,54.0,0.0,-0.0078125,0.0,0.0,99.0,0.0,0.0,0.0,4.0,0.0,0.0,null,14.601,0.4042900800704956
202,23011501,0,20230115125317,37.3664648,127.159556,11.0,796.5,14.509804,14.117647,7940.0,3.69,46.27451,350.0,30.19608,-0.015625,0.0,45.0,54.0,0.0,-0.0078125,0.0,0.0,99.0,0.0,0.0,0.0,4.0,0.0,0.0,null,14.601,0.5900205373764038
203,23011501,0,20230115125318,37.3664726,127.159583,12.0,796.5,14.509804,14.117647,7790.0,3.41,46.27451,350.0,30.19608,-0.015625,0.0,45.0,54.0,0.0,-0.0078125,0.0,0.0,99.0,0.0,0.0,0.0,4.0,0.0,0.0,null,14.601,0.28569984436035156
204,23011501,0,20230115125319,37.3664748,127.1596187,12.0,810.5,14.509804,14.117647,7790.0,3.41,46.27451,350.0,23.921568,-0.015625,0.0,39.0,54.0,0.0,-0.0078125,0.0,0.0,99.0,0.0,0.0,0.0,4.0,0.0,0.0,null,14.601,-0.15973883867263794
205,23011501,0,20230115125320,37.3664773,127.1596587,11.0,829.5,14.509804,13.725491,7790.0,2.83,46.27451,350.0,23.921568,-0.015625,0.0,34.0,54.0,0.0,-0.0078125,0.0,0.0,99.0,0.0,0.0,0.0,4.0,0.0,0.0,null,14.601,-0.3641324043273926
206,23011501,0,20230115125321,37.3664791,127.1596944,12.0,829.5,14.509804,13.725491,7800.0,2.83,46.27451,350.0,21.960785,-0.015625,0.0,34.0,54.0,0.0,-0.0078125,0.0,0.0,99.0,0.0,0.0,0.0,4.0,0.0,0.0,null,14.601,-0.711966872215271
207,23011501,0,20230115125322,37.3664805,127.1597345,9.0,786.0,14.509804,13.725491,7800.0,2.97,46.27451,350.0,21.960785,-0.015625,0.0,35.0,54.0,0.0,-0.0078125,0.0,0.0,99.0,0.0,0.0,0.0,4.0,0.0,0.0,null,14.601,-1.5247739553451538
208,23011501,0,20230115125323,37.3664808,127.1597702,6.0,786.0,14.509804,14.90196,7950.0,3.72,46.27451,350.0,25.09804,-0.015625,0.0,35.0,54.0,0.0,-0.0078125,0.0,0.0,99.0,0.0,0.0,0.0,4.0,0.0,0.0,null,14.601,-2.1989083290100098
209,23011501,0,20230115125324,37.3664799,127.1597925,2.0,736.5,14.509804,14.90196,7950.0,3.72,46.27451,350.0,34.509804,-0.015625,0.0,53.0,54.0,0.0,-0.0078125,0.0,0.0,99.0,0.0,0.0,0.0,4.0,0.0,0.0,null,14.601,-1.2095352411270142
210,23011501,0,20230115125325,37.3664789,127.1598058,0.0,736.5,14.509804,14.90196,7950.0,3.8,46.27451,350.0,34.509804,-0.015625,0.0,50.0,54.0,0.0,-0.0078125,0.0,0.0,99.0,0.0,0.0,0.0,4.0,0.0,0.0,null,14.601,0.01789771020412445
211,23011501,0,20230115125326,37.3664784,127.1598103,0.0,753.0,14.509804,14.90196,7970.0,3.8,46.27451,350.0,32.941177,-0.015625,0.0,50.0,54.0,0.0,-0.0078125,0.0,0.0,99.0,0.0,0.0,0.0,4.0,0.0,0.0,null,14.601,0.0005218182341195643
212,23011501,0,20230115125327,37.3664784,127.1598103,0.0,757.5,14.509804,14.90196,7970.0,3.91,46.27451,350.0,32.156864,-0.015625,0.0,50.0,54.0,0.0,-0.0078125,0.0,0.0,99.0,0.0,0.0,0.0,4.0,0.0,0.0,null,14.601,-0.017577527090907097
213,23011501,0,20230115125328,37.3664784,127.1598103,0.0,757.5,14.509804,14.90196,7810.0,4.0,46.27451,350.0,32.156864,-0.015625,0.0,50.0,54.0,0.0,-0.0078125,0.0,0.0,99.0,0.0,0.0,0.0,4.0,0.0,0.0,null,14.601,-0.010372023098170757
214,23011501,0,20230115125329,37.3664784,127.1598103,0.0,748.5,14.509804,14.90196,7810.0,4.0,46.27451,350.0,32.54902,-0.015625,0.0,48.0,54.0,0.0,-0.0078125,0.0,0.0,99.0,0.0,0.0,0.0,4.0,0.0,0.0,null,14.601,-0.0128263458609581
215,23011501,0,20230115125330,37.3664784,127.1598103,0.0,746.5,14.509804,14.90196,7810.0,3.91,46.27451,350.0,32.54902,-0.015625,0.0,50.0,54.0,0.0,-0.0078125,0.0,0.0,99.0,0.0,0.0,0.0,4.0,0.0,0.0,null,14.601,-0.20243024826049805
216,23011501,0,20230115125331,37.3664784,127.1598103,2.0,746.5,14.509804,14.90196,7760.0,3.91,46.27451,350.0,32.156864,-0.015625,0.0,50.0,54.0,0.0,-0.0078125,0.0,0.0,99.0,0.0,0.0,0.0,4.0,0.0,0.0,null,14.601,-0.7254194021224976
217,23011501,0,20230115125332,37.3664779,127.1598146,2.0,757.5,14.509804,14.90196,7760.0,3.61,46.27451,350.0,31.37255,-0.015625,0.0,48.0,54.0,0.0,-0.0078125,0.0,0.0,99.0,0.0,0.0,0.0,4.0,0.0,0.0,null,14.601,-1.1214113235473633
218,23011501,0,20230115125333,37.3664774,127.1598191,0.0,757.5,14.509804,14.90196,7960.0,3.69,47.843136,350.0,31.37255,-0.015625,0.0,48.0,54.0,0.0,-0.0078125,0.0,0.0,99.0,0.0,0.0,0.0,4.0,0.0,0.0,null,14.601,-0.38045501708984375
219,23011501,0,20230115125334,37.3664767,127.1598234,0.0,745.0,14.509804,14.90196,7960.0,3.69,47.843136,350.0,30.980392,-0.015625,0.0,51.0,54.0,0.0,-0.0078125,0.0,0.0,99.0,0.0,0.0,0.0,4.0,0.0,0.0,null,14.601,-0.42176342010498047
220,23011501,0,20230115125335,37.3664767,127.1598234,0.0,745.0,14.509804,14.90196,7960.0,4.13,47.843136,350.0,30.980392,-0.015625,0.0,49.0,54.0,0.0,-0.0078125,0.0,0.0,99.0,0.0,0.0,0.0,4.0,0.0,0.0,null,14.601,-0.265574187040329
221,23011501,0,20230115125336,37.3664767,127.1598234,0.0,734.5,14.509804,14.90196,7820.0,4.13,47.843136,350.0,33.72549,-0.015625,0.0,49.0,54.0,0.0,-0.0078125,0.0,0.0,99.0,0.0,0.0,0.0,4.0,0.0,0.0,null,14.341,-0.01711130514740944
222,23011501,0,20230115125337,37.3664767,127.1598234,0.0,740.0,14.509804,14.90196,7820.0,4.33,47.843136,350.0,33.72549,-0.015625,0.0,50.0,54.0,0.0,-0.0078125,0.0,0.0,99.0,0.0,0.0,0.0,4.0,0.0,0.0,null,14.341,-0.008070179261267185
223,23011501,0,20230115125338,37.3664767,127.1598234,0.0,740.0,14.509804,15.294118,7770.0,4.33,47.843136,350.0,32.941177,0.0,0.0,50.0,54.0,0.0,-0.0078125,0.0,0.0,99.0,0.0,0.0,0.0,4.0,0.0,0.0,null,14.341,-0.011960233561694622
224,23011501,0,20230115125339,37.3664767,127.1598234,0.0,744.5,14.509804,15.294118,7770.0,4.19,47.843136,350.0,32.54902,0.0,0.0,49.0,54.0,0.0,-0.0078125,0.0,0.0,99.0,0.0,0.0,0.0,4.0,0.0,0.0,null,14.341,-0.01769535057246685
225,23011501,0,20230115125340,37.3664767,127.1598234,0.0,744.5,14.509804,14.90196,7770.0,4.11,47.843136,350.0,32.54902,0.0,0.0,50.0,54.0,0.0,-0.0078125,0.0,0.0,99.0,0.0,0.0,0.0,4.0,0.0,0.0,null,14.341,-0.0038834349252283573
226,23011501,0,20230115125341,37.3664767,127.1598234,0.0,731.5,14.509804,14.90196,7970.0,4.11,47.843136,350.0,32.941177,0.0,0.0,50.0,54.0,0.0,-0.0078125,0.0,0.0,99.0,0.0,0.0,0.0,4.0,0.0,0.0,null,14.341,-0.7447521686553955
227,23011501,0,20230115125342,37.3664767,127.1598234,3.0,742.5,14.509804,14.90196,7970.0,4.19,47.843136,350.0,32.941177,0.0,0.0,49.0,54.0,0.0,-0.0078125,0.0,0.0,99.0,0.0,0.0,0.0,4.0,0.0,0.0,null,14.341,-1.7069664001464844
228,23011501,0,20230115125343,37.3664758,127.1598278,5.0,742.5,14.509804,14.90196,7840.0,4.19,47.843136,350.0,32.156864,0.0,0.0,49.0,54.0,0.0,-0.0078125,0.0,0.0,99.0,0.0,0.0,0.0,4.0,0.0,0.0,null,14.341,-3.3313674926757812
229,23011501,0,20230115125344,37.3664719,127.1598403,7.0,1066.0,14.509804,14.90196,7840.0,4.13,47.843136,350.0,20.0,0.0,0.0,49.0,54.0,0.0,-0.0078125,0.0,0.0,99.0,0.0,0.0,0.0,4.0,0.0,0.0,null,14.341,-5.622243404388428
230,23011501,0,20230115125345,37.3664628,127.1598594,8.0,1066.0,14.509804,14.509804,7840.0,3.86,47.843136,350.0,20.0,0.0,0.0,30.0,54.0,0.0,-0.0078125,0.0,0.0,99.0,0.0,0.0,0.0,4.0,0.0,0.0,null,14.341,-7.659479141235352
231,23011501,0,20230115125346,37.3664505,127.1598755,8.0,979.5,14.509804,14.509804,10350.0,3.86,47.843136,350.0,16.470589,0.0,0.0,30.0,55.0,0.0,-0.0078125,0.0,0.0,99.0,0.0,0.0,0.0,4.0,0.0,0.0,null,14.341,-6.5133585929870605
232,23011501,0,20230115125347,37.3664329,127.1598907,12.0,1907.0,29.80392,14.509804,10350.0,11.19,47.843136,350.0,16.470589,0.0,0.0,72.0,55.0,0.0,-0.0078125,0.0,0.0,99.0,0.0,0.0,0.0,4.0,0.0,0.0,null,14.341,-9.2175931930542
233,23011501,0,20230115125348,37.3664095,127.1599007,14.0,1907.0,29.80392,22.745098,13820.0,12.75,47.843136,350.0,28.62745,0.0,0.0,72.0,55.0,0.0,-0.0078125,0.0,0.0,99.0,0.0,0.0,0.0,4.0,0.0,0.0,null,14.341,-12.803030967712402
234,23011501,0,20230115125349,37.3663741,127.1598982,18.0,1673.0,29.80392,22.745098,13820.0,12.75,47.843136,350.0,35.294117,0.0,0.0,76.0,55.0,0.0,-0.0078125,0.0,0.0,99.0,0.0,0.0,0.0,4.0,0.0,0.0,null,14.341,-7.304869651794434
235,23011501,0,20230115125350,37.3663339,127.1598801,22.0,1673.0,29.80392,23.137255,13820.0,16.44,47.843136,350.0,35.294117,0.0,0.0,76.0,55.0,0.0,-0.0078125,0.0,0.0,99.0,0.0,0.0,0.0,4.0,0.0,0.0,null,14.341,1.2166658639907837
236,23011501,0,20230115125351,37.3662869,127.1598591,25.0,1272.0,29.80392,23.137255,13100.0,16.44,47.843136,350.0,36.07843,0.0,0.0,88.0,55.0,0.0,-0.0078125,0.0,0.0,99.0,0.0,0.0,0.0,4.0,0.0,0.0,null,14.341,5.281562805175781
237,23011501,0,20230115125352,37.3662276,127.1598442,26.0,1272.0,28.62745,23.137255,13100.0,11.66,47.843136,350.0,36.07843,0.0,0.0,76.0,55.0,0.0,-0.0078125,0.0,0.0,99.0,0.0,0.0,0.0,4.0,0.0,0.0,null,14.341,4.2165985107421875
238,23011501,0,20230115125353,37.3661671,127.1598399,27.0,1382.0,28.62745,16.470589,13100.0,11.66,47.843136,350.0,26.27451,0.0,0.0,76.0,55.0,0.0,-0.0078125,0.0,0.0,99.0,0.0,0.0,0.0,4.0,0.0,0.0,null,14.341,3.4389092922210693
239,23011501,0,20230115125354,37.3660996,127.1598445,27.0,1404.0,28.62745,16.470589,7870.0,6.52,47.843136,350.0,18.82353,0.0,0.0,52.0,55.0,0.0,-0.0078125,0.0,0.0,99.0,0.0,0.0,0.0,4.0,0.0,0.0,null,14.341,2.4562690258026123
240,23011501,0,20230115125355,37.3660325,127.1598563,27.0,1404.0,23.137255,16.862745,7870.0,6.66,47.843136,350.0,18.82353,0.0,0.0,52.0,55.0,0.0,-0.0078125,0.0,0.0,99.0,0.0,0.0,0.0,4.0,0.0,0.0,null,14.341,2.504695177078247
241,23011501,0,20230115125356,37.3659665,127.1598747,26.0,1415.0,23.137255,16.862745,7920.0,6.66,47.843136,350.0,12.941176,0.0,0.0,40.0,55.0,0.0,-0.0078125,0.0,0.0,99.0,0.0,0.0,0.0,3.0,0.0,0.0,null,14.341,2.6249141693115234
242,23011501,0,20230115125357,37.3658986,127.1599018,26.0,1335.0,14.509804,16.862745,7920.0,2.94,47.843136,350.0,14.509804,0.0,0.0,28.0,55.0,0.0,-0.0078125,0.0,0.0,99.0,0.0,0.0,0.0,4.0,0.0,0.0,null,14.341,2.3764657974243164
243,23011501,0,20230115125358,37.3658356,127.1599328,26.0,1335.0,14.509804,16.078432,7910.0,5.69,47.843136,350.0,14.509804,0.0,0.0,45.0,55.0,0.0,-0.0078125,0.0,0.0,99.0,0.0,0.0,0.0,4.0,0.0,0.0,null,14.341,1.8079701662063599
244,23011501,0,20230115125359,37.3657775,127.1599668,26.0,1362.0,16.862745,16.078432,7910.0,5.69,47.843136,350.0,16.078432,0.0,0.0,45.0,55.0,0.0,-0.0078125,0.0,0.0,99.0,0.0,0.0,0.0,4.0,0.0,0.0,null,14.341,0.9523611068725586
245,23011501,0,20230115125400,37.3657174,127.1600057,26.0,1358.0,16.862745,16.078432,7910.0,5.36,47.843136,350.0,11.372549,0.0,0.0,38.0,55.0,0.0,-0.0078125,0.0,0.0,99.0,0.0,0.0,0.0,4.0,0.0,0.0,null,14.341,-0.10812694579362869
246,23011501,0,20230115125401,37.36566,127.1600418,25.0,1358.0,25.09804,16.078432,7820.0,7.25,47.843136,350.0,11.372549,0.0,0.0,38.0,55.0,0.0,-0.0078125,0.0,0.0,99.0,0.0,0.0,0.0,4.0,0.0,0.0,null,14.341,-5.028258323669434
247,23011501,0,20230115125402,37.3655962,127.1600695,27.0,1450.0,25.09804,15.686275,7820.0,7.25,47.843136,350.0,27.843138,0.0,0.0,64.0,55.0,0.0,-0.0078125,0.0,0.0,99.0,0.0,0.0,0.0,4.0,0.0,0.0,null,14.341,-5.799659729003906
248,23011501,0,20230115125403,37.3655293,127.1600823,28.0,1461.5,25.09804,15.686275,7860.0,6.66,47.058823,350.0,27.843138,0.0,0.0,49.0,55.0,0.0,-0.0078125,0.0,0.0,99.0,0.0,0.0,0.0,4.0,0.0,0.0,null,14.341,-3.452829360961914
249,23011501,0,20230115125404,37.3654581,127.1600855,29.0,1461.5,23.137255,17.254902,7860.0,7.33,47.058823,350.0,18.82353,0.0,0.0,49.0,55.0,0.0,-0.0078125,0.0,0.0,99.0,0.0,0.0,0.0,4.0,0.0,0.0,null,14.341,-0.646569013595581
250,23011501,0,20230115125405,37.3653869,127.1600854,30.0,1566.5,23.137255,17.254902,7860.0,7.33,47.058823,350.0,19.607843,0.0,0.0,55.0,55.0,0.0,-0.0078125,0.0,0.0,99.0,0.0,0.0,0.0,4.0,0.0,0.0,null,14.341,-0.5435674786567688
251,23011501,0,20230115125406,37.3653085,127.1600846,31.0,1643.5,21.960785,17.254902,8270.0,7.3,47.058823,350.0,19.607843,0.0,0.0,51.0,55.0,0.0,-0.0078125,0.0,0.0,99.0,0.0,0.0,0.0,4.0,0.0,0.0,null,14.506,1.1896002292633057
252,23011501,0,20230115125407,37.36523,127.1600851,32.0,1643.5,21.960785,17.254902,8270.0,7.3,47.058823,350.0,17.647058,-0.015625,0.0,51.0,55.0,0.0,-0.0078125,0.0,0.0,99.0,0.0,0.0,0.0,4.0,0.0,0.0,null,14.506,1.1784279346466064
253,23011501,0,20230115125408,37.3651517,127.1600874,32.0,1626.5,21.960785,17.254902,8580.0,7.94,47.058823,350.0,14.117647,-0.015625,0.0,35.0,55.0,0.0,-0.0078125,0.0,0.0,99.0,0.0,0.0,0.0,4.0,0.0,0.0,null,14.506,-0.17419670522212982
254,23011501,0,20230115125409,37.3650698,127.1600896,31.0,1626.5,14.509804,14.509804,8580.0,3.52,47.058823,350.0,14.117647,-0.015625,0.0,27.0,55.0,0.0,-0.0078125,0.0,0.0,99.0,0.0,0.0,0.0,4.0,0.0,0.0,null,14.506,-1.444407343864441
255,23011501,0,20230115125410,37.3649878,127.1600883,30.0,1269.5,14.509804,14.509804,7890.0,3.52,47.058823,350.0,11.764706,-0.015625,0.0,27.0,55.0,0.0,-0.0078125,0.0,0.0,99.0,0.0,0.0,0.0,4.0,0.0,0.0,null,14.506,-3.3106818199157715
256,23011501,0,20230115125411,37.3649063,127.1600778,29.0,1228.5,14.509804,14.509804,7890.0,2.58,47.058823,350.0,9.019608,-0.015625,0.0,22.0,55.0,0.0,-0.0078125,0.0,0.0,99.0,0.0,0.0,0.0,4.0,0.0,0.0,null,14.506,-4.990532398223877
257,23011501,0,20230115125412,37.3648305,127.1600537,29.0,1228.5,14.509804,13.725491,8040.0,2.58,47.058823,350.0,9.019608,-0.015625,0.0,21.0,55.0,0.0,-0.0078125,0.0,0.0,99.0,0.0,0.0,0.0,4.0,0.0,0.0,null,14.506,-4.923038959503174
258,23011501,0,20230115125413,37.3647584,127.1600151,28.0,1177.0,20.0,15.686275,8040.0,2.58,47.058823,350.0,7.8431373,-0.015625,0.0,21.0,55.0,0.0,-0.0078125,0.0,0.0,99.0,0.0,0.0,0.0,4.0,0.0,0.0,null,14.506,-3.862994432449341
259,23011501,0,20230115125414,37.3646964,127.1599713,28.0,1157.5,20.0,15.686275,8040.0,5.38,47.058823,350.0,18.82353,-0.015625,0.0,51.0,55.0,0.0,-0.0078125,0.0,0.0,99.0,0.0,0.0,0.0,5.0,0.0,0.0,null,14.506,-3.1673665046691895
260,23011501,0,20230115125415,37.3646356,127.1599167,29.0,1190.5,26.27451,15.686275,7860.0,9.16,47.058823,350.0,18.82353,-0.015625,0.0,81.0,56.0,0.0,-0.0078125,0.0,0.0,99.0,0.0,0.0,0.0,5.0,0.0,0.0,null,14.506,-2.430176019668579
261,23011501,0,20230115125416,37.3645784,127.1598562,31.0,1190.5,26.27451,15.686275,7970.0,9.16,47.058823,350.0,29.019608,-0.015625,0.0,81.0,56.0,0.0,-0.0078125,0.0,0.0,99.0,0.0,0.0,0.0,5.0,0.0,0.0,null,14.506,0.15098099410533905
262,23011501,0,20230115125417,37.3645194,127.1597915,31.0,1258.5,26.27451,15.686275,7970.0,4.36,47.058823,350.0,16.078432,-0.015625,0.0,31.0,56.0,0.0,-0.0078125,0.0,0.0,99.0,0.0,0.0,0.0,4.0,0.0,0.0,null,14.506,-0.08293032646179199
263,23011501,0,20230115125418,37.3644605,127.1597268,32.0,1258.5,19.215687,15.686275,7970.0,5.16,47.058823,350.0,16.078432,-0.015625,0.0,50.0,56.0,0.0,-0.0078125,0.0,0.0,99.0,0.0,0.0,0.0,4.0,0.0,0.0,null,14.506,-0.4059900939464569
264,23011501,0,20230115125419,37.3643991,127.1596588,32.0,1276.5,19.215687,15.686275,7920.0,5.16,47.058823,350.0,16.862745,-0.015625,0.0,50.0,56.0,0.0,-0.0078125,0.0,0.0,99.0,0.0,0.0,0.0,4.0,0.0,0.0,null,14.506,0.16176064312458038
265,23011501,0,20230115125420,37.3643379,127.1595906,33.0,1276.5,19.215687,15.686275,7920.0,5.63,47.058823,350.0,16.862745,-0.015625,0.0,43.0,56.0,0.0,-0.0078125,0.0,0.0,99.0,0.0,0.0,0.0,4.0,0.0,0.0,null,14.506,0.49414509534835815
266,23011501,0,20230115125421,37.3642759,127.1595234,32.0,1284.5,19.215687,14.117647,7920.0,5.63,47.058823,350.0,12.156863,-0.015625,0.0,43.0,56.0,0.0,-0.0078125,0.0,0.0,99.0,0.0,0.0,0.0,4.0,0.0,0.0,null,14.506,3.0195302963256836
267,23011501,0,20230115125422,37.3642101,127.1594623,31.0,1263.0,19.215687,14.117647,7930.0,2.86,47.058823,350.0,16.078432,-0.015625,0.0,30.0,56.0,0.0,-0.0078125,0.0,0.0,99.0,0.0,0.0,0.0,4.0,0.0,0.0,null,14.506,4.169132232666016
268,23011501,0,20230115125423,37.3641331,127.1594022,32.0,1263.0,22.745098,16.470589,7930.0,6.16,47.058823,350.0,16.078432,-0.015625,0.0,30.0,56.0,0.0,-0.0078125,0.0,0.0,99.0,0.0,0.0,0.0,4.0,0.0,0.0,null,14.506,5.798223972320557
269,23011501,0,20230115125424,37.36406,127.159367,32.0,1273.0,22.745098,16.470589,7880.0,6.16,47.058823,350.0,19.215687,-0.015625,0.0,60.0,56.0,0.0,-0.0078125,0.0,0.0,99.0,0.0,0.0,0.0,4.0,0.0,0.0,null,14.506,4.695674419403076
270,23011501,0,20230115125425,37.3639801,127.1593443,33.0,1306.5,23.529411,16.470589,7880.0,6.83,47.058823,350.0,19.215687,-0.015625,0.0,63.0,56.0,0.0,-0.0078125,0.0,0.0,99.0,0.0,0.0,0.0,4.0,0.0,0.0,null,14.506,-0.7399744391441345
271,23011501,0,20230115125426,37.3638991,127.159329,33.0,1306.5,23.529411,17.254902,7920.0,6.88,47.058823,350.0,20.392157,-0.015625,0.0,63.0,56.0,0.0,-0.0078125,0.0,0.0,99.0,0.0,0.0,0.0,4.0,0.0,0.0,null,14.506,0.42021000385284424
272,23011501,0,20230115125427,37.3638143,127.1593147,34.0,1349.0,23.529411,17.254902,7920.0,6.88,47.058823,350.0,15.294118,-0.015625,0.0,56.0,56.0,0.0,-0.0078125,0.0,0.0,99.0,0.0,0.0,0.0,4.0,0.0,0.0,null,14.506,0.38357770442962646
273,23011501,0,20230115125428,37.3637296,127.1593005,34.0,1347.5,14.509804,14.117647,7920.0,3.02,47.058823,350.0,15.294118,-0.015625,0.0,30.0,56.0,0.0,-0.0078125,0.0,0.0,99.0,0.0,0.0,0.0,4.0,0.0,0.0,null,14.506,-0.40111419558525085
274,23011501,0,20230115125429,37.3636449,127.1592855,34.0,1347.5,19.607843,14.117647,7940.0,3.02,47.058823,350.0,14.90196,-0.015625,0.0,30.0,57.0,0.0,-0.0078125,0.0,0.0,99.0,0.0,0.0,0.0,4.0,0.0,0.0,null,14.506,-0.7156665325164795
275,23011501,0,20230115125430,37.3635566,127.1592706,35.0,1397.5,19.607843,14.117647,7940.0,5.75,47.058823,350.0,16.862745,-0.015625,0.0,49.0,57.0,0.0,-0.0078125,0.0,0.0,99.0,0.0,0.0,0.0,4.0,0.0,0.0,null,14.506,0.15028826892375946
276,23011501,0,20230115125431,37.3634682,127.1592564,36.0,1432.5,19.607843,16.862745,7960.0,4.94,46.27451,350.0,16.862745,-0.015625,0.0,39.0,57.0,0.0,-0.0078125,0.0,0.0,99.0,0.0,0.0,0.0,4.0,0.0,0.0,null,14.506,-1.4222397804260254
277,23011501,0,20230115125432,37.3633798,127.1592416,35.0,1432.5,14.509804,16.862745,7960.0,4.94,46.27451,350.0,11.764706,-0.015625,0.0,39.0,57.0,0.0,-0.0078125,0.0,0.0,99.0,0.0,0.0,0.0,4.0,0.0,0.0,null,14.506,-2.2756669521331787
278,23011501,0,20230115125433,37.3632918,127.1592239,34.0,1377.5,14.509804,14.117647,7960.0,3.11,46.27451,350.0,8.235294,-0.015625,0.0,20.0,57.0,0.0,-0.0078125,0.0,0.0,99.0,0.0,0.0,0.0,4.0,0.0,0.0,null,14.506,-3.5392470359802246
279,23011501,0,20230115125434,37.3632051,127.159198,32.0,1377.5,14.509804,14.117647,8080.0,2.91,46.27451,350.0,8.235294,-0.015625,0.0,20.0,57.0,0.0,-0.0078125,0.0,0.0,99.0,0.0,0.0,0.0,4.0,0.0,0.0,null,14.436,-2.77942156791687
280,23011501,0,20230115125435,37.3631208,127.159162,31.0,1300.0,14.509804,15.686275,8080.0,2.91,46.27451,350.0,17.254902,-0.015625,0.0,27.0,57.0,0.0,-0.0078125,0.0,0.0,99.0,0.0,0.0,0.0,5.0,0.0,0.0,null,14.436,-5.285436153411865
281,23011501,0,20230115125436,37.3630475,127.1591163,31.0,1241.0,14.509804,15.686275,7820.0,5.27,46.27451,350.0,17.254902,0.0,0.0,42.0,57.0,0.0,-0.0078125,0.0,0.0,99.0,0.0,0.0,0.0,5.0,0.0,0.0,null,14.436,-6.338433265686035
282,23011501,0,20230115125437,37.3629823,127.1590543,31.0,1241.0,18.431372,15.686275,7820.0,5.22,46.27451,350.0,15.294118,0.0,0.0,42.0,57.0,0.0,-0.0078125,0.0,0.0,99.0,0.0,0.0,0.0,5.0,0.0,0.0,null,14.436,-7.098067283630371
283,23011501,0,20230115125438,37.3629279,127.1589776,32.0,1286.5,18.431372,15.686275,7820.0,5.22,46.27451,350.0,16.078432,0.0,0.0,48.0,57.0,0.0,-0.0078125,0.0,0.0,99.0,0.0,0.0,0.0,5.0,0.0,0.0,null,14.436,-2.988909959793091
284,23011501,0,20230115125439,37.3628815,127.1588929,33.0,1322.5,25.490196,15.686275,7960.0,7.25,46.27451,350.0,16.078432,0.0,0.0,79.0,57.0,0.0,-0.0078125,0.0,0.0,99.0,0.0,0.0,0.0,5.0,0.0,0.0,null,14.436,0.19200485944747925
285,23011501,0,20230115125440,37.362836,127.1588075,34.0,1322.5,25.490196,17.647058,7970.0,7.25,46.27451,350.0,26.666666,0.0,0.0,79.0,57.0,0.0,-0.0078125,0.0,0.0,99.0,0.0,0.0,0.0,5.0,0.0,0.0,null,14.436,1.6074256896972656
286,23011501,0,20230115125441,37.3627858,127.1587206,33.0,1355.5,25.490196,17.647058,7970.0,5.75,46.27451,350.0,9.411765,0.0,0.0,31.0,57.0,0.0,-0.0078125,0.0,0.0,99.0,0.0,0.0,0.0,4.0,0.0,0.0,null,14.436,3.2887179851531982
287,23011501,0,20230115125442,37.3627296,127.1586399,33.0,1355.5,14.509804,14.117647,7970.0,2.97,46.27451,350.0,9.411765,0.0,0.0,22.0,57.0,0.0,-0.0078125,0.0,0.0,99.0,0.0,0.0,0.0,4.0,0.0,0.0,null,14.436,4.046378135681152
288,23011501,0,20230115125443,37.3626582,127.1585623,31.0,1297.0,14.509804,14.117647,8140.0,2.97,46.27451,350.0,7.8431373,0.0,0.0,22.0,57.0,0.0,-0.0078125,0.0,0.0,99.0,0.0,0.0,0.0,4.0,0.0,0.0,null,14.436,4.766790866851807
289,23011501,0,20230115125444,37.3625899,127.1585057,31.0,1247.0,14.509804,14.117647,8140.0,2.63,46.27451,350.0,8.627451,0.0,0.0,40.0,57.0,0.0,-0.0078125,0.0,0.0,99.0,0.0,0.0,0.0,4.0,0.0,0.0,null,14.436,3.1717350482940674
290,23011501,0,20230115125445,37.3625168,127.1584592,29.0,1247.0,14.509804,13.725491,8280.0,2.61,46.27451,350.0,8.627451,0.0,0.0,40.0,57.0,0.0,-0.0078125,0.0,0.0,99.0,0.0,0.0,0.0,5.0,0.0,0.0,null,14.436,2.970224142074585
291,23011501,0,20230115125446,37.3624438,127.1584232,29.0,1166.0,24.313726,13.725491,8280.0,2.61,46.27451,350.0,7.8431373,0.0,0.0,22.0,57.0,0.0,-0.0078125,0.0,0.0,99.0,0.0,0.0,0.0,5.0,0.0,0.0,null,14.436,2.655407428741455
292,23011501,0,20230115125447,37.3623725,127.1583951,29.0,1321.0,24.313726,17.254902,8280.0,5.05,46.27451,350.0,15.294118,0.0,0.0,37.0,57.0,0.0,-0.0078125,0.0,0.0,99.0,0.0,0.0,0.0,5.0,0.0,0.0,null,14.436,1.807603359222412
293,23011501,0,20230115125448,37.3622997,127.1583728,29.0,1321.0,20.784313,17.254902,7940.0,5.55,46.27451,350.0,15.294118,0.0,0.0,37.0,57.0,0.0,-0.0078125,0.0,0.0,99.0,0.0,0.0,0.0,5.0,0.0,0.0,null,14.436,2.07989239692688
294,23011501,0,20230115125449,37.3622261,127.1583563,29.0,1573.0,20.784313,14.90196,7940.0,5.55,46.27451,350.0,14.117647,0.0,0.0,42.0,57.0,0.0,-0.0078125,0.0,0.0,99.0,0.0,0.0,0.0,5.0,0.0,0.0,null,14.436,1.0041292905807495
295,23011501,0,20230115125450,37.3621519,127.1583434,29.0,1558.0,20.784313,14.90196,8070.0,3.69,46.27451,350.0,14.117647,0.0,0.0,46.0,57.0,0.0,-0.0078125,0.0,0.0,99.0,0.0,0.0,0.0,5.0,0.0,0.0,null,14.436,0.2859551012516022
296,23011501,0,20230115125451,37.3620776,127.1583318,31.0,1558.0,27.058823,20.392157,8070.0,11.91,46.27451,350.0,24.313726,0.0,0.0,46.0,57.0,0.0,-0.0078125,0.0,0.0,99.0,0.0,0.0,0.0,5.0,0.0,0.0,null,14.436,2.020062208175659
297,23011501,0,20230115125452,37.362003,127.1583245,33.0,1672.0,27.058823,20.392157,15140.0,11.91,46.27451,350.0,31.764706,0.0,0.0,77.0,57.0,0.0,-0.0078125,0.0,0.0,99.0,0.0,0.0,0.0,5.0,0.0,0.0,null,14.436,1.0733777284622192
298,23011501,0,20230115125453,37.3619246,127.1583211,35.0,1446.5,28.62745,20.392157,15140.0,15.0,46.27451,350.0,31.764706,0.0,0.0,83.0,57.0,0.0,-0.0078125,0.0,0.0,99.0,0.0,0.0,0.0,5.0,0.0,0.0,null,14.436,-0.5077450275421143
299,23011501,0,20230115125454,37.3618355,127.1583162,36.0,1446.5,28.62745,21.568628,11160.0,10.94,46.27451,350.0,34.509804,0.0,0.0,83.0,57.0,0.0,-0.0078125,0.0,0.0,99.0,0.0,0.0,0.0,4.0,0.0,0.0,null,14.436,-1.4802542924880981
300,23011501,0,20230115125455,37.3617467,127.1583066,37.0,1476.0,25.882353,21.568628,11160.0,10.94,46.27451,350.0,26.666666,0.0,0.0,74.0,57.0,0.0,-0.0078125,0.0,0.0,99.0,0.0,0.0,0.0,4.0,0.0,0.0,null,14.436,-1.1823381185531616
301,23011501,0,20230115125456,37.3616548,127.158291,38.0,1357.0,25.882353,19.607843,11160.0,10.02,46.27451,350.0,26.666666,0.0,0.0,78.0,57.0,0.0,-0.0078125,0.0,0.0,99.0,0.0,0.0,0.0,4.0,0.0,0.0,null,14.436,-1.2890900373458862
302,23011501,0,20230115125457,37.3615475,127.1582727,39.0,1357.0,20.784313,19.607843,10790.0,10.02,46.27451,350.0,26.666666,0.0,0.0,78.0,57.0,0.0,-0.0078125,0.0,0.0,99.0,0.0,0.0,0.0,4.0,0.0,0.0,null,14.436,-0.9872714877128601
303,23011501,0,20230115125458,37.3614532,127.1582481,40.0,1364.5,20.784313,19.607843,10790.0,6.88,46.27451,350.0,16.862745,0.0,0.0,54.0,57.0,0.0,-0.0078125,0.0,0.0,99.0,0.0,0.0,0.0,4.0,0.0,0.0,null,14.436,-0.3735969662666321
304,23011501,0,20230115125459,37.3613522,127.1582201,40.0,1364.5,20.784313,16.470589,7840.0,5.41,45.490196,350.0,16.862745,0.0,0.0,27.0,57.0,0.0,-0.0078125,0.0,0.0,99.0,0.0,0.0,0.0,4.0,0.0,0.0,null,14.436,0.2638876438140869
305,23011501,0,20230115125500,37.3612544,127.1581944,39.0,1368.5,14.509804,16.470589,7840.0,5.41,45.490196,350.0,9.019608,0.0,0.0,27.0,57.0,0.0,-0.0078125,0.0,0.0,99.0,0.0,0.0,0.0,4.0,0.0,0.0,null,14.436,1.0632554292678833
306,23011501,0,20230115125501,37.3611526,127.1581714,37.0,1312.5,14.509804,14.117647,7840.0,2.91,45.490196,350.0,8.235294,0.0,0.0,22.0,57.0,0.0,-0.0078125,0.0,0.0,99.0,0.0,0.0,0.0,4.0,0.0,0.0,null,14.436,1.791014552116394
307,23011501,0,20230115125502,37.3610571,127.1581553,34.0,1312.5,14.509804,14.117647,8120.0,2.58,45.490196,350.0,8.235294,0.0,0.0,22.0,57.0,0.0,-0.0078125,0.0,0.0,99.0,0.0,0.0,0.0,4.0,0.0,0.0,null,14.553,1.2423200607299805
308,23011501,0,20230115125503,37.3609647,127.1581447,32.0,1164.0,14.509804,13.333333,8120.0,2.58,45.490196,350.0,8.235294,0.0,0.0,23.0,57.0,0.0,-0.0078125,0.0,0.0,99.0,0.0,0.0,0.0,4.0,0.0,0.0,null,14.553,0.8351883292198181
309,23011501,0,20230115125504,37.3608757,127.1581377,27.0,1131.0,14.509804,13.333333,8270.0,2.41,45.490196,350.0,8.235294,0.0,0.0,23.0,57.0,0.0,-0.0078125,0.0,0.0,99.0,0.0,0.0,0.0,4.0,0.0,0.0,null,14.553,-0.7907576560974121
310,23011501,0,20230115125505,37.3608011,127.1581295,24.0,1131.0,14.509804,13.725491,8270.0,2.63,45.490196,350.0,8.235294,0.0,0.0,23.0,57.0,0.0,-0.0078125,0.0,0.0,99.0,0.0,0.0,0.0,4.0,0.0,0.0,null,14.553,-2.123037338256836
311,23011501,0,20230115125506,37.3607343,127.1581155,20.0,1201.0,14.509804,13.725491,8450.0,2.63,45.490196,350.0,8.627451,0.0,0.0,23.0,57.0,0.0,-0.0078125,0.0,0.0,99.0,0.0,0.0,0.0,4.0,0.0,0.0,null,14.553,-2.4340972900390625
312,23011501,0,20230115125507,37.3606789,127.1580984,15.0,883.0,14.509804,13.725491,8450.0,2.02,45.490196,350.0,8.627451,0.0,0.0,22.0,57.0,0.0,-0.0078125,0.0,0.0,99.0,0.0,0.0,0.0,4.0,0.0,0.0,null,14.553,-1.211209774017334
313,23011501,0,20230115125508,37.3606311,127.1580805,13.0,883.0,14.509804,16.078432,7800.0,4.69,45.490196,350.0,12.156863,0.0,0.0,22.0,57.0,0.0,-0.0078125,0.0,0.0,99.0,0.0,0.0,0.0,5.0,0.0,0.0,null,14.553,-0.20649337768554688
314,23011501,0,20230115125509,37.3605937,127.1580657,9.0,891.0,14.509804,16.078432,7800.0,4.69,45.490196,350.0,27.450981,0.0,0.0,40.0,57.0,0.0,-0.0078125,0.0,0.0,99.0,0.0,0.0,0.0,5.0,0.0,0.0,null,14.553,-0.20448771119117737
315,23011501,0,20230115125510,37.3605631,127.1580536,5.0,782.0,14.509804,14.90196,7800.0,4.0,45.490196,350.0,28.62745,0.0,0.0,44.0,57.0,0.0,-0.0078125,0.0,0.0,99.0,0.0,0.0,0.0,5.0,0.0,0.0,null,14.553,-0.06538493186235428
316,23011501,0,20230115125511,37.3605461,127.1580467,2.0,782.0,14.509804,14.90196,7920.0,3.94,45.490196,350.0,28.62745,0.0,0.0,44.0,57.0,0.0,-0.0078125,0.0,0.0,99.0,0.0,0.0,0.0,5.0,0.0,0.0,null,14.553,-0.2352370172739029
317,23011501,0,20230115125512,37.3605326,127.1580412,0.0,765.5,14.509804,14.90196,7920.0,3.94,45.490196,350.0,29.411764,0.0,0.0,47.0,57.0,0.0,-0.0078125,0.0,0.0,99.0,0.0,0.0,0.0,5.0,0.0,0.0,null,14.553,0.039125777781009674
318,23011501,0,20230115125513,37.3605291,127.1580398,0.0,752.5,14.509804,14.90196,7810.0,3.69,45.490196,350.0,29.80392,0.0,0.0,46.0,57.0,0.0,-0.0078125,0.0,0.0,99.0,0.0,0.0,0.0,5.0,0.0,0.0,null,14.553,0.0006387131288647652
319,23011501,0,20230115125514,37.3605291,127.1580398,0.0,752.5,14.509804,14.90196,7810.0,3.69,45.490196,350.0,29.80392,0.0,0.0,46.0,57.0,0.0,-0.0078125,0.0,0.0,99.0,0.0,0.0,0.0,5.0,0.0,0.0,null,14.553,-0.02115957997739315
320,23011501,0,20230115125515,37.3605291,127.1580398,0.0,756.0,14.509804,14.90196,7990.0,3.88,45.490196,350.0,29.019608,0.0,0.0,46.0,57.0,0.0,-0.0078125,0.0,0.0,99.0,0.0,0.0,0.0,5.0,0.0,0.0,null,14.553,-0.010992765426635742
321,23011501,0,20230115125516,37.3605291,127.1580398,0.0,757.5,14.509804,14.90196,7990.0,3.72,45.490196,350.0,29.019608,0.0,0.0,46.0,57.0,0.0,-0.0078125,0.0,0.0,99.0,0.0,0.0,0.0,5.0,0.0,0.0,null,14.553,-0.0058204433880746365
322,23011501,0,20230115125517,37.3605291,127.1580398,0.0,757.5,14.509804,14.90196,7780.0,3.63,45.490196,350.0,27.843138,0.0,0.0,46.0,57.0,0.0,-0.0078125,0.0,0.0,99.0,0.0,0.0,0.0,5.0,0.0,0.0,null,14.553,-0.019937364384531975
323,23011501,0,20230115125518,37.3605291,127.1580398,0.0,747.0,14.509804,14.90196,7780.0,3.63,45.490196,350.0,27.843138,0.0,0.0,46.0,57.0,0.0,-0.0078125,0.0,0.0,99.0,0.0,0.0,0.0,5.0,0.0,0.0,null,14.553,-0.0055890195071697235
324,23011501,0,20230115125519,37.3605291,127.1580398,0.0,753.5,14.509804,14.509804,7780.0,3.61,45.490196,350.0,27.843138,0.0,0.0,46.0,57.0,0.0,-0.0078125,0.0,0.0,99.0,0.0,0.0,0.0,5.0,0.0,0.0,null,14.553,-0.002482676412910223
325,23011501,0,20230115125520,37.3605291,127.1580398,0.0,753.5,14.509804,14.509804,7970.0,3.58,45.490196,350.0,28.235294,0.0,0.0,46.0,57.0,0.0,-0.0078125,0.0,0.0,99.0,0.0,0.0,0.0,5.0,0.0,0.0,null,14.553,0.03887423872947693
326,23011501,0,20230115125521,37.3605291,127.1580398,4.0,756.5,14.509804,21.960785,7970.0,3.58,45.490196,350.0,33.333332,0.0,0.0,72.0,57.0,0.0,-0.0078125,0.0,0.0,99.0,0.0,0.0,0.0,5.0,0.0,0.0,null,14.553,-0.002441998803988099
327,23011501,0,20230115125522,37.3605291,127.1580398,9.0,1717.5,14.509804,21.960785,11760.0,12.8,45.490196,350.0,33.333332,0.0,0.0,72.0,57.0,0.0,-0.0078125,0.0,0.0,99.0,0.0,0.0,0.0,5.0,0.0,0.0,null,14.553,-0.7223252058029175
328,23011501,0,20230115125523,37.3605124,127.1580324,13.0,1717.5,28.62745,21.960785,11760.0,12.8,45.490196,350.0,25.490196,0.0,0.0,72.0,57.0,0.0,-0.0078125,0.0,0.0,99.0,0.0,0.0,0.0,5.0,0.0,0.0,null,14.553,-0.9963066577911377
329,23011501,0,20230115125524,37.3604825,127.1580178,17.0,1564.5,28.62745,21.960785,11760.0,12.02,45.490196,350.0,25.490196,0.0,0.0,77.0,57.0,0.0,-0.0078125,0.0,0.0,99.0,0.0,0.0,0.0,5.0,0.0,0.0,null,14.553,-1.0320580005645752
330,23011501,0,20230115125525,37.3604496,127.1580003,20.0,1564.5,28.235294,21.960785,14310.0,12.02,45.490196,350.0,30.980392,0.0,0.0,77.0,57.0,0.0,-0.0078125,0.0,0.0,99.0,0.0,0.0,0.0,4.0,0.0,0.0,null,14.553,-0.629151463508606
331,23011501,0,20230115125526,37.3604041,127.1579746,23.0,1564.5,28.235294,21.960785,14310.0,13.72,45.490196,350.0,26.666666,0.0,0.0,78.0,57.0,0.0,-0.0078125,0.0,0.0,99.0,0.0,0.0,0.0,4.0,0.0,0.0,null,14.553,-0.607864260673523
332,23011501,0,20230115125527,37.3603557,127.1579461,24.0,1564.5,28.235294,17.254902,8240.0,5.36,45.490196,350.0,26.666666,0.0,0.0,31.0,57.0,0.0,-0.0078125,0.0,0.0,99.0,0.0,0.0,0.0,4.0,0.0,0.0,null,14.553,-0.45352306962013245
333,23011501,0,20230115125528,37.3602935,127.1579068,24.0,1267.5,14.509804,17.254902,8240.0,5.36,45.490196,350.0,9.803922,0.0,0.0,31.0,57.0,0.0,-0.0078125,0.0,0.0,99.0,0.0,0.0,0.0,3.0,0.0,0.0,null,14.553,1.8594056367874146
334,23011501,0,20230115125529,37.3602375,127.157878,23.0,1179.5,14.509804,13.725491,8240.0,2.47,45.490196,350.0,9.803922,0.0,0.0,22.0,57.0,0.0,-0.0078125,0.0,0.0,99.0,0.0,0.0,0.0,3.0,0.0,0.0,null,14.553,6.178112506866455
335,23011501,0,20230115125530,37.3601784,127.1578622,23.0,1179.5,17.647058,13.725491,8180.0,2.47,45.490196,350.0,8.235294,0.0,0.0,22.0,57.0,0.0,-0.0078125,0.0,0.0,99.0,0.0,0.0,0.0,4.0,0.0,0.0,null,14.53,11.306145668029785
336,23011501,0,20230115125531,37.3601253,127.157868,23.0,1143.5,17.647058,13.725491,8180.0,2.41,45.490196,350.0,16.470589,0.0,0.0,40.0,57.0,0.0,-0.0078125,0.0,0.0,99.0,0.0,0.0,0.0,5.0,0.0,0.0,null,14.53,12.0538969039917
337,23011501,0,20230115125532,37.3600742,127.1578988,24.0,1276.0,17.647058,18.431372,8870.0,8.63,45.490196,350.0,16.470589,0.0234375,0.0,77.0,57.0,0.0,-0.0078125,0.0,0.0,99.0,0.0,0.0,0.0,5.0,0.0,0.0,null,14.53,9.465227127075195
338,23011501,0,20230115125533,37.3600338,127.157949,25.0,1276.0,29.80392,23.137255,8870.0,8.63,45.490196,350.0,27.843138,0.0234375,0.0,77.0,57.0,0.0,-0.0078125,0.0,0.0,99.0,0.0,0.0,0.0,5.0,0.0,0.0,null,14.53,3.2717337608337402
339,23011501,0,20230115125534,37.3599964,127.1580088,28.0,1435.5,29.80392,23.137255,8870.0,13.36,45.490196,350.0,29.411764,0.0234375,0.0,83.0,57.0,0.0,-0.0078125,0.0,0.0,99.0,0.0,0.0,0.0,4.0,0.0,0.0,null,14.53,-0.7576354742050171
340,23011501,0,20230115125535,37.359954,127.158075,28.0,1435.5,21.960785,23.137255,8920.0,6.3,45.490196,350.0,29.411764,0.0234375,0.0,83.0,57.0,0.0,-0.0078125,0.0,0.0,99.0,0.0,0.0,0.0,4.0,0.0,0.0,null,14.53,-1.7748749256134033
341,23011501,0,20230115125536,37.359904,127.1581449,29.0,1505.5,21.960785,23.137255,8920.0,6.3,45.490196,350.0,18.431372,0.0234375,0.0,51.0,57.0,0.0,-0.0078125,0.0,0.0,99.0,0.0,0.0,0.0,4.0,0.0,0.0,null,14.53,-0.3677273690700531
342,23011501,0,20230115125537,37.3598549,127.1582097,27.0,1420.5,21.960785,15.686275,8000.0,3.63,45.490196,350.0,18.431372,0.0234375,0.0,26.0,57.0,0.0,-0.0078125,0.0,0.0,99.0,0.0,0.0,0.0,4.0,0.0,0.0,null,14.53,-0.013014552183449268
343,23011501,0,20230115125538,37.359806,127.1582746,27.0,1420.5,25.882353,18.82353,8000.0,10.3,45.490196,350.0,16.078432,0.0234375,0.0,26.0,57.0,0.0,-0.0078125,0.0,0.0,99.0,0.0,0.0,0.0,4.0,0.0,0.0,null,14.53,-0.9241265058517456
344,23011501,0,20230115125539,37.3597562,127.1583387,28.0,1486.5,25.882353,18.82353,8000.0,10.3,45.490196,350.0,20.784313,0.0234375,0.0,73.0,57.0,0.0,-0.0078125,0.0,0.0,99.0,0.0,0.0,0.0,4.0,0.0,0.0,null,14.53,0.12713849544525146
345,23011501,0,20230115125540,37.3597065,127.1584027,28.0,1496.0,25.09804,18.82353,7920.0,8.58,45.490196,350.0,20.784313,0.0234375,0.0,65.0,57.0,0.0,-0.0078125,0.0,0.0,99.0,0.0,0.0,0.0,4.0,0.0,0.0,null,14.53,0.18681217730045319
346,23011501,0,20230115125541,37.3596569,127.158467,28.0,1496.0,25.09804,16.470589,7970.0,8.58,45.490196,350.0,20.392157,0.0234375,0.0,65.0,57.0,0.0,-0.0078125,0.0,0.0,99.0,0.0,0.0,0.0,4.0,0.0,0.0,null,14.53,0.3341582715511322
347,23011501,0,20230115125542,37.3596076,127.1585315,28.0,1509.5,25.09804,16.470589,7970.0,5.5,45.490196,350.0,21.17647,0.0234375,0.0,42.0,57.0,0.0,-0.0078125,0.0,0.0,99.0,0.0,0.0,0.0,4.0,0.0,0.0,null,14.53,-0.5644057393074036
348,23011501,0,20230115125543,37.3595552,127.1585987,30.0,1509.5,28.235294,21.17647,7970.0,12.55,45.490196,350.0,21.17647,0.0234375,0.0,78.0,57.0,0.0,-0.0078125,0.0,0.0,99.0,0.0,0.0,0.0,4.0,0.0,0.0,null,14.53,-0.1699255406856537
349,23011501,0,20230115125544,37.3595046,127.1586616,32.0,1632.0,28.235294,21.17647,11830.0,12.55,45.490196,350.0,32.54902,0.0234375,0.0,78.0,57.0,0.0,-0.0078125,0.0,0.0,99.0,0.0,0.0,0.0,4.0,0.0,0.0,null,14.53,0.2311718761920929
350,23011501,0,20230115125545,37.3594465,127.1587342,32.0,1631.0,14.509804,21.17647,11830.0,6.13,45.490196,350.0,32.54902,0.0234375,0.0,30.0,57.0,0.0,-0.0078125,0.0,0.0,99.0,0.0,0.0,0.0,4.0,0.0,0.0,null,14.53,1.0759923458099365
351,23011501,0,20230115125546,37.3593812,127.1588055,32.0,1631.0,14.509804,14.509804,8000.0,6.13,45.490196,350.0,11.372549,0.0234375,0.0,30.0,57.0,0.0,-0.0078125,0.0,0.0,99.0,0.0,0.0,0.0,3.0,0.0,0.0,null,14.53,0.5016953945159912
352,23011501,0,20230115125547,37.3593274,127.1588832,31.0,1263.5,14.509804,14.509804,8000.0,3.41,45.490196,350.0,10.588235,0.0234375,0.0,26.0,57.0,0.0,-0.0078125,0.0,0.0,99.0,0.0,0.0,0.0,4.0,0.0,0.0,null,14.53,1.054161548614502
353,23011501,0,20230115125548,37.3592755,127.1589628,30.0,1202.5,14.509804,14.117647,8000.0,2.61,45.490196,350.0,10.588235,0.0234375,0.0,21.0,57.0,0.0,-0.0078125,0.0,0.0,99.0,0.0,0.0,0.0,4.0,0.0,0.0,null,14.53,0.7875959277153015
354,23011501,0,20230115125549,37.3592276,127.1590406,29.0,1202.5,14.509804,14.117647,8050.0,2.61,45.490196,350.0,8.627451,0.0234375,0.0,21.0,57.0,0.0,-0.0078125,0.0,0.0,99.0,0.0,0.0,0.0,4.0,0.0,0.0,null,14.53,0.83720463514328
355,23011501,0,20230115125550,37.3591835,127.1591164,28.0,1132.5,14.509804,14.117647,8050.0,2.41,45.490196,350.0,7.8431373,0.0234375,0.0,23.0,57.0,0.0,-0.0078125,0.0,0.0,99.0,0.0,0.0,0.0,4.0,0.0,0.0,null,14.53,0.7905131578445435
356,23011501,0,20230115125551,37.3591412,127.1591938,26.0,1333.0,14.509804,13.333333,8230.0,2.25,45.490196,350.0,7.8431373,0.0234375,0.0,22.0,57.0,0.0,-0.0078125,0.0,0.0,99.0,0.0,0.0,0.0,4.0,0.0,0.0,null,14.53,0.38666850328445435
357,23011501,0,20230115125552,37.3591041,127.1592649,25.0,1333.0,14.509804,14.117647,8230.0,2.25,45.490196,350.0,7.45098,0.0234375,0.0,22.0,57.0,0.0,-0.0078125,0.0,0.0,99.0,0.0,0.0,0.0,4.0,0.0,0.0,null,14.53,0.04509255290031433
358,23011501,0,20230115125553,37.3590673,127.159336,23.0,1244.5,14.509804,14.117647,8230.0,2.72,45.490196,350.0,7.8431373,0.0234375,0.0,23.0,57.0,0.0,-0.0078125,0.0,0.0,99.0,0.0,0.0,0.0,4.0,0.0,0.0,null,14.53,0.6746567487716675
359,23011501,0,20230115125554,37.3590351,127.1594005,23.0,1244.5,24.705883,14.117647,8590.0,6.25,45.490196,350.0,7.8431373,0.0234375,0.0,23.0,58.0,0.0,-0.0078125,0.0,0.0,99.0,0.0,0.0,0.0,5.0,0.0,0.0,null,14.53,0.34019607305526733
360,23011501,0,20230115125555,37.3590038,127.1594655,24.0,1322.0,24.705883,18.039215,8590.0,6.25,45.490196,350.0,21.568628,0.0234375,0.0,62.0,58.0,0.0,-0.0078125,0.0,0.0,99.0,0.0,0.0,0.0,5.0,0.0,0.0,null,14.53,0.04247492551803589
361,23011501,0,20230115125556,37.3589746,127.1595269,26.0,1374.0,24.705883,18.039215,8930.0,8.41,46.27451,350.0,21.568628,0.0234375,0.0,68.0,58.0,0.0,-0.0078125,0.0,0.0,99.0,0.0,0.0,0.0,5.0,0.0,0.0,null,14.53,0.18051551282405853
362,23011501,0,20230115125557,37.3589418,127.159596,27.0,1374.0,14.509804,18.039215,8930.0,8.41,46.27451,350.0,20.392157,0.0234375,0.0,68.0,58.0,0.0,-0.0078125,0.0,0.0,99.0,0.0,0.0,0.0,5.0,0.0,0.0,null,14.53,-0.21076081693172455
363,23011501,0,20230115125558,37.3589052,127.1596727,26.0,1384.5,14.509804,14.509804,8930.0,3.33,46.27451,350.0,8.235294,0.0234375,0.0,20.0,58.0,0.0,-0.0078125,0.0,0.0,99.0,0.0,0.0,0.0,5.0,0.0,0.0,null,14.53,-0.06538522988557816
364,23011501,0,20230115125559,37.3588705,127.1597457,25.0,1384.5,14.509804,14.509804,8040.0,2.88,46.27451,350.0,8.235294,0.0234375,0.0,20.0,58.0,0.0,-0.0078125,0.0,0.0,99.0,0.0,0.0,0.0,4.0,0.0,0.0,null,14.459,-0.3020375370979309
365,23011501,0,20230115125600,37.3588377,127.1598147,24.0,1294.5,14.509804,14.509804,8040.0,2.88,46.27451,350.0,7.8431373,0.0234375,0.0,23.0,58.0,0.0,-0.0078125,0.0,0.0,99.0,0.0,0.0,0.0,4.0,0.0,0.0,null,14.459,0.27870985865592957
366,23011501,0,20230115125601,37.3588052,127.159884,22.0,1294.5,14.509804,13.725491,8250.0,2.58,46.27451,350.0,7.8431373,0.0,0.0,22.0,58.0,0.0,-0.0078125,0.0,0.0,99.0,0.0,0.0,0.0,4.0,0.0,0.0,null,14.459,0.09645163267850876
367,23011501,0,20230115125602,37.3587748,127.1599497,21.0,1158.0,14.509804,13.725491,8250.0,2.58,46.27451,350.0,8.235294,0.0,0.0,22.0,58.0,0.0,-0.0078125,0.0,0.0,99.0,0.0,0.0,0.0,5.0,0.0,0.0,null,14.459,-0.2577421963214874
368,23011501,0,20230115125603,37.3587461,127.1600116,18.0,1015.5,14.509804,13.333333,8250.0,2.33,46.27451,350.0,8.235294,0.0,0.0,23.0,58.0,0.0,-0.0078125,0.0,0.0,99.0,0.0,0.0,0.0,5.0,0.0,0.0,null,14.459,-0.17539237439632416
369,23011501,0,20230115125604,37.3587208,127.1600655,17.0,1015.5,14.509804,13.333333,8450.0,2.33,46.27451,350.0,8.627451,0.0,0.0,23.0,58.0,0.0,-0.0078125,0.0,0.0,99.0,0.0,0.0,0.0,5.0,0.0,0.0,null,14.459,-1.693581223487854
370,23011501,0,20230115125605,37.3586935,127.1601178,16.0,853.0,14.509804,13.333333,8450.0,1.72,46.27451,350.0,13.725491,0.0,0.0,22.0,58.0,0.0,-0.0078125,0.0,0.0,99.0,0.0,0.0,0.0,5.0,0.0,0.0,null,14.459,-1.6994385719299316
371,23011501,0,20230115125606,37.35867,127.1601572,15.0,901.5,14.509804,14.90196,8000.0,3.63,46.27451,350.0,13.725491,0.0,0.0,35.0,58.0,0.0,-0.0078125,0.0,0.0,99.0,0.0,0.0,0.0,5.0,0.0,0.0,null,14.459,-1.149172067642212
372,23011501,0,20230115125607,37.358643,127.1601988,14.0,901.5,14.509804,14.90196,8000.0,3.63,46.27451,350.0,20.784313,0.0,0.0,35.0,58.0,0.0,-0.0078125,0.0,0.0,99.0,0.0,0.0,0.0,5.0,0.0,0.0,null,14.459,0.5437432527542114
373,23011501,0,20230115125608,37.3586207,127.1602336,12.0,911.0,14.509804,14.90196,8000.0,3.94,46.27451,350.0,23.921568,0.0,0.0,41.0,58.0,0.0,-0.0078125,0.0,0.0,99.0,0.0,0.0,0.0,5.0,0.0,0.0,null,14.459,1.1173797845840454
374,23011501,0,20230115125609,37.3585993,127.1602694,7.0,911.0,14.509804,14.90196,7800.0,3.66,46.27451,350.0,23.921568,0.0,0.0,42.0,57.0,0.0,-0.0078125,0.0,0.0,99.0,0.0,0.0,0.0,5.0,0.0,0.0,null,14.459,0.8717591166496277
375,23011501,0,20230115125610,37.3585828,127.1602984,6.0,802.0,14.509804,14.509804,7800.0,3.66,46.27451,350.0,27.450981,0.0,0.0,42.0,57.0,0.0,-0.0078125,0.0,0.0,99.0,0.0,0.0,0.0,5.0,0.0,0.0,null,14.459,0.712722897529602
376,23011501,0,20230115125611,37.3585728,127.160317,5.0,781.5,14.509804,14.509804,7760.0,3.86,46.27451,350.0,29.411764,0.0,0.0,45.0,57.0,0.0,-0.0078125,0.0,0.0,99.0,0.0,0.0,0.0,5.0,0.0,0.0,null,14.459,0.6460999846458435
377,23011501,0,20230115125612,37.358565,127.160332,7.0,781.5,28.62745,20.392157,7760.0,10.08,46.27451,350.0,29.411764,0.0,0.0,45.0,57.0,0.0,-0.0078125,0.0,0.0,99.0,0.0,0.0,0.0,5.0,0.0,0.0,null,14.459,1.2198985815048218
378,23011501,0,20230115125613,37.3585576,127.1603472,11.0,1695.5,28.62745,20.392157,13970.0,10.08,46.27451,350.0,36.862743,0.0,0.0,79.0,57.0,0.0,-0.0078125,0.0,0.0,99.0,0.0,0.0,0.0,5.0,0.0,0.0,null,14.459,0.5433515310287476
379,23011501,0,20230115125614,37.3585469,127.1603704,13.0,1593.0,29.411764,20.392157,13970.0,11.22,46.27451,350.0,36.862743,0.0,0.0,77.0,57.0,0.0,-0.0078125,0.0,0.0,99.0,0.0,0.0,0.0,5.0,0.0,0.0,null,14.459,-0.8256401419639587
380,23011501,0,20230115125615,37.3585322,127.1604011,15.0,1593.0,29.411764,21.17647,13960.0,11.75,46.27451,350.0,33.72549,0.0,0.0,77.0,57.0,0.0,-0.0078125,0.0,0.0,99.0,0.0,0.0,0.0,5.0,0.0,0.0,null,14.459,-1.778133511543274
381,23011501,0,20230115125616,37.3585103,127.1604418,18.0,1520.0,29.411764,21.17647,13960.0,11.75,46.27451,350.0,35.686275,0.0,0.0,79.0,57.0,0.0,-0.0078125,0.0,0.0,99.0,0.0,0.0,0.0,4.0,0.0,0.0,null,14.459,-3.3239734172821045
382,23011501,0,20230115125617,37.358483,127.1604831,20.0,1716.0,30.980392,21.568628,13960.0,13.69,46.27451,350.0,35.686275,0.0,0.0,78.0,57.0,0.0,-0.0078125,0.0,0.0,99.0,0.0,0.0,0.0,4.0,0.0,0.0,null,14.459,-5.891073226928711
383,23011501,0,20230115125618,37.3584456,127.1605242,22.0,1716.0,28.235294,21.568628,14130.0,12.36,46.27451,350.0,34.901962,0.0,0.0,78.0,57.0,0.0,-0.0078125,0.0,0.0,99.0,0.0,0.0,0.0,4.0,0.0,0.0,null,14.459,-7.465714454650879
384,23011501,0,20230115125619,37.3583956,127.1605585,23.0,1281.0,28.235294,19.215687,14130.0,12.36,46.27451,350.0,27.843138,0.0,0.0,84.0,57.0,0.0,-0.0078125,0.0,0.0,99.0,0.0,0.0,0.0,4.0,0.0,0.0,null,14.459,-5.17018461227417
385,23011501,0,20230115125620,37.3583416,127.1605815,24.0,1271.0,28.235294,19.215687,11560.0,9.63,46.27451,350.0,27.843138,0.0,0.0,80.0,57.0,0.0,-0.0078125,0.0,0.0,99.0,0.0,0.0,0.0,4.0,0.0,0.0,null,14.459,0.48491355776786804
386,23011501,0,20230115125621,37.3582753,127.1606086,24.0,1271.0,27.450981,20.784313,11560.0,11.22,46.27451,350.0,21.568628,0.0,0.0,80.0,57.0,0.0,-0.0078125,0.0,0.0,99.0,0.0,0.0,0.0,4.0,0.0,0.0,null,14.459,5.388222694396973
387,23011501,0,20230115125622,37.3582204,127.1606403,27.0,1328.5,27.450981,20.784313,11560.0,11.22,46.27451,350.0,30.980392,0.0,0.0,86.0,57.0,0.0,-0.0078125,0.0,0.0,99.0,0.0,0.0,0.0,4.0,0.0,0.0,null,14.459,10.174015045166016
388,23011501,0,20230115125623,37.3581732,127.1606941,29.0,1328.5,29.411764,20.784313,13540.0,12.22,46.27451,350.0,30.980392,0.0,0.0,81.0,59.0,0.0,-0.0078125,0.0,0.0,99.0,0.0,0.0,0.0,4.0,0.0,0.0,null,14.459,9.748505592346191
389,23011501,0,20230115125624,37.3581401,127.160768,32.0,1522.0,29.411764,21.17647,13540.0,12.22,43.92157,350.0,35.686275,0.0,0.0,81.0,59.0,0.0,-0.0078125,0.0,0.0,99.0,0.0,0.0,0.0,4.0,0.0,0.0,null,14.459,5.11443567276001
390,23011501,0,20230115125625,37.3581161,127.1608568,33.0,1734.5,29.411764,21.17647,15160.0,13.41,43.92157,350.0,32.54902,0.0,0.0,78.0,59.0,0.0,-0.0078125,0.0,0.0,99.0,0.0,0.0,0.0,4.0,0.0,0.0,null,14.459,1.2759788036346436
391,23011501,0,20230115125626,37.3580944,127.1609558,34.0,1734.5,14.509804,15.294118,15160.0,4.13,43.92157,350.0,32.54902,0.0,0.0,29.0,59.0,0.0,-0.0078125,0.0,0.0,99.0,0.0,0.0,0.0,4.0,0.0,0.0,null,14.459,0.6761511564254761
392,23011501,0,20230115125627,37.3580736,127.1610598,33.0,1326.0,14.509804,15.294118,8060.0,4.13,43.92157,350.0,10.196078,0.0,0.0,29.0,59.0,0.0,-0.0078125,0.0,0.0,99.0,0.0,0.0,0.0,3.0,0.0,0.0,null,14.459,0.3178439140319824
393,23011501,0,20230115125628,37.3580541,127.1611643,32.0,1285.5,14.509804,15.294118,8060.0,3.41,43.92157,350.0,10.980392,0.0,0.0,22.0,59.0,0.0,-0.0078125,0.0,0.0,99.0,0.0,0.0,0.0,3.0,0.0,0.0,null,14.459,0.1646408885717392
394,23011501,0,20230115125629,37.3580352,127.1612688,32.0,1285.5,14.509804,16.470589,8620.0,7.11,43.92157,350.0,10.980392,0.0078125,0.0,22.0,59.0,0.0,-0.0078125,0.0,0.0,99.0,0.0,0.0,0.0,4.0,0.0,0.0,null,14.459,0.09952635318040848
395,23011501,0,20230115125630,37.3580172,127.1613691,34.0,1319.5,14.509804,16.470589,8620.0,7.11,43.92157,350.0,30.980392,0.0078125,0.0,81.0,59.0,0.0,-0.0078125,0.0,0.0,99.0,0.0,0.0,0.0,4.0,0.0,0.0,null,14.459,-0.15357746183872223
396,23011501,0,20230115125631,37.357999,127.1614693,35.0,1399.5,27.843138,21.17647,8620.0,10.11,43.92157,350.0,30.980392,0.0078125,0.0,69.0,59.0,0.0,-0.0078125,0.0,0.0,99.0,0.0,0.0,0.0,4.0,0.0,0.0,null,14.459,0.16993720829486847
397,23011501,0,20230115125632,37.3579791,127.1615782,35.0,1399.5,23.137255,21.17647,7990.0,6.61,43.92157,350.0,17.647058,0.0078125,0.0,69.0,59.0,0.0,-0.0078125,0.0,0.0,99.0,0.0,0.0,0.0,4.0,0.0,0.0,null,14.459,-0.1040184497833252
398,23011501,0,20230115125633,37.3579592,127.1616871,36.0,1425.0,23.137255,17.254902,7990.0,6.61,43.92157,350.0,20.392157,0.0078125,0.0,59.0,59.0,0.0,-0.0078125,0.0,0.0,99.0,0.0,0.0,0.0,4.0,0.0,0.0,null,14.459,0.09257998317480087
399,23011501,0,20230115125634,37.3579385,127.1618003,37.0,1468.0,23.137255,17.254902,7980.0,7.27,43.92157,350.0,20.392157,0.0078125,0.0,57.0,59.0,0.0,-0.0078125,0.0,0.0,99.0,0.0,0.0,0.0,4.0,0.0,0.0,null,14.459,-0.049115266650915146
400,23011501,0,20230115125635,37.3579179,127.1619136,37.0,1468.0,14.509804,15.686275,7980.0,5.47,43.92157,350.0,16.862745,0.0078125,0.0,57.0,59.0,0.0,-0.0078125,0.0,0.0,99.0,0.0,0.0,0.0,4.0,0.0,0.0,null,14.459,0.028631076216697693
401,23011501,0,20230115125636,37.3578964,127.1620312,36.0,1498.0,14.509804,15.686275,7980.0,5.47,43.92157,350.0,8.627451,0.0078125,0.0,28.0,59.0,0.0,-0.0078125,0.0,0.0,99.0,0.0,0.0,0.0,4.0,0.0,0.0,null,14.459,0.14612160623073578
402,23011501,0,20230115125637,37.3578756,127.1621445,34.0,1406.0,14.509804,15.686275,7920.0,3.16,43.92157,350.0,8.627451,0.0078125,0.0,22.0,60.0,0.0,-0.0078125,0.0,0.0,99.0,0.0,0.0,0.0,4.0,0.0,0.0,null,14.459,-0.004309637937694788
403,23011501,0,20230115125638,37.3578453,127.1622602,34.0,1406.0,14.509804,16.470589,7970.0,6.0,43.92157,350.0,7.8431373,0.0078125,0.0,22.0,60.0,0.0,-0.0078125,0.0,0.0,99.0,0.0,0.0,0.0,4.0,0.0,0.0,null,14.459,0.0036929468624293804
404,23011501,0,20230115125639,37.3578251,127.162369,35.0,1380.5,18.82353,16.470589,7970.0,6.0,43.92157,350.0,15.294118,0.0078125,0.0,49.0,60.0,0.0,-0.0078125,0.0,0.0,99.0,0.0,0.0,0.0,4.0,0.0,0.0,null,14.459,0.3448389768600464
405,23011501,0,20230115125640,37.3578055,127.1624735,35.0,1380.0,18.82353,16.078432,7970.0,5.94,43.92157,350.0,15.294118,0.0078125,0.0,30.0,60.0,0.0,-0.0078125,0.0,0.0,99.0,0.0,0.0,0.0,4.0,0.0,0.0,null,14.459,-0.4864543676376343
406,23011501,0,20230115125641,37.357785,127.1625822,34.0,1380.0,18.82353,16.078432,7880.0,5.94,43.92157,350.0,8.627451,0.0078125,0.0,30.0,60.0,0.0,-0.0078125,0.0,0.0,99.0,0.0,0.0,0.0,4.0,0.0,0.0,null,14.459,-0.4515039920806885
407,23011501,0,20230115125642,37.3577638,127.1626907,33.0,1333.5,14.509804,16.078432,7880.0,3.05,43.92157,350.0,7.45098,0.0078125,0.0,22.0,60.0,0.0,-0.0078125,0.0,0.0,99.0,0.0,0.0,0.0,4.0,0.0,0.0,null,14.459,0.27811750769615173
408,23011501,0,20230115125643,37.3577439,127.1627951,32.0,1333.5,14.509804,14.117647,8160.0,2.75,43.92157,350.0,7.45098,0.0078125,0.0,36.0,60.0,0.0,-0.0078125,0.0,0.0,99.0,0.0,0.0,0.0,4.0,0.0,0.0,null,14.459,-0.1407831609249115
409,23011501,0,20230115125644,37.3577247,127.1628996,32.0,1299.5,14.509804,14.117647,8160.0,2.75,43.92157,350.0,14.509804,0.0078125,0.0,36.0,60.0,0.0,-0.0078125,0.0,0.0,99.0,0.0,0.0,0.0,5.0,0.0,0.0,null,14.459,-0.4636809825897217
410,23011501,0,20230115125645,37.3577054,127.1629994,31.0,1273.0,14.509804,14.117647,8160.0,2.97,43.92157,350.0,7.45098,0.0078125,0.0,21.0,60.0,0.0,-0.0078125,0.0,0.0,99.0,0.0,0.0,0.0,5.0,0.0,0.0,null,14.459,-0.4775484502315521
411,23011501,0,20230115125646,37.3576851,127.163099,29.0,1273.0,14.509804,14.117647,8050.0,2.61,43.92157,350.0,7.45098,0.0078125,0.0,23.0,60.0,0.0,-0.0078125,0.0,0.0,99.0,0.0,0.0,0.0,4.0,0.0,0.0,null,14.459,-0.22499851882457733
412,23011501,0,20230115125647,37.3576651,127.163194,27.0,1154.0,14.509804,13.333333,8050.0,2.61,43.92157,350.0,7.8431373,0.0078125,0.0,23.0,60.0,0.0,-0.0078125,0.0,0.0,99.0,0.0,0.0,0.0,5.0,0.0,0.0,null,14.459,-0.04498977214097977
413,23011501,0,20230115125648,37.3576457,127.1632847,22.0,1053.0,14.509804,13.333333,8210.0,1.69,43.92157,350.0,7.8431373,0.0078125,0.0,21.0,60.0,0.0,-0.0078125,0.0,0.0,99.0,0.0,0.0,0.0,5.0,0.0,0.0,null,14.459,-0.2830989360809326
414,23011501,0,20230115125649,37.3576283,127.1633621,19.0,1053.0,14.509804,13.333333,8210.0,2.25,43.92157,350.0,7.45098,0.0078125,0.0,21.0,60.0,0.0,-0.0078125,0.0,0.0,99.0,0.0,0.0,0.0,5.0,0.0,0.0,null,14.459,-0.44805702567100525
415,23011501,0,20230115125650,37.3576132,127.1634264,18.0,974.5,14.509804,13.333333,8390.0,2.25,43.92157,350.0,8.235294,0.0078125,0.0,22.0,60.0,0.0,-0.0078125,0.0,0.0,99.0,0.0,0.0,0.0,5.0,0.0,0.0,null,14.459,-0.46855419874191284
416,23011501,0,20230115125651,37.3575993,127.1634818,18.0,973.5,16.470589,13.333333,8390.0,4.83,43.92157,350.0,8.235294,0.0078125,0.0,42.0,60.0,0.0,-0.0078125,0.0,0.0,99.0,0.0,0.0,0.0,5.0,0.0,0.0,null,14.459,-0.5610648989677429
417,23011501,0,20230115125652,37.3575846,127.1635369,18.0,973.5,16.470589,14.117647,8390.0,4.83,45.882355,350.0,15.686275,0.0078125,0.0,42.0,60.0,0.0,-0.0078125,0.0,0.0,99.0,0.0,0.0,0.0,5.0,0.0,0.0,null,14.459,-0.8749691843986511
418,23011501,0,20230115125653,37.3575687,127.1635914,19.0,985.5,16.470589,14.117647,7820.0,3.36,45.882355,350.0,15.686275,0.0078125,0.0,30.0,60.0,0.0,-0.0078125,0.0,0.0,99.0,0.0,0.0,0.0,5.0,0.0,0.0,null,14.459,-0.5997583866119385
419,23011501,0,20230115125654,37.3575508,127.1636498,19.0,985.5,15.294118,15.294118,7820.0,3.36,45.882355,350.0,12.156863,0.0078125,0.0,30.0,60.0,0.0,-0.0078125,0.0,0.0,99.0,0.0,0.0,0.0,5.0,0.0,0.0,null,14.459,-0.44395682215690613
420,23011501,0,20230115125655,37.3575335,127.1637037,21.0,1223.0,15.294118,15.294118,7820.0,4.88,45.882355,350.0,27.450981,0.0078125,0.0,76.0,60.0,0.0,-0.0078125,0.0,0.0,99.0,0.0,0.0,0.0,5.0,0.0,0.0,null,14.459,-0.5483756065368652
421,23011501,0,20230115125656,37.3575143,127.1637614,23.0,1223.0,28.235294,15.294118,11820.0,9.11,45.882355,350.0,27.450981,0.0078125,0.0,85.0,60.0,0.0,-0.0078125,0.0,0.0,99.0,0.0,0.0,0.0,5.0,0.0,0.0,null,14.506,-0.6795210242271423
422,23011501,0,20230115125657,37.3574915,127.163827,26.0,1314.5,28.235294,20.392157,11820.0,9.11,45.882355,350.0,28.235294,0.0703125,0.0,85.0,60.0,0.0,-0.0078125,0.0,0.0,99.0,0.0,0.0,0.0,5.0,0.0,0.0,null,14.506,-0.7981022596359253
423,23011501,0,20230115125658,37.3574646,127.1639,28.0,1443.0,28.235294,20.392157,10030.0,8.16,45.882355,350.0,28.235294,0.0703125,0.0,38.0,60.0,0.0,-0.0078125,0.0,0.0,99.0,0.0,0.0,0.0,5.0,0.0,0.0,null,14.506,-1.305516242980957
424,23011501,0,20230115125659,37.3574339,127.1639756,27.0,1443.0,14.509804,14.117647,10030.0,5.36,45.882355,350.0,9.803922,0.0703125,0.0,38.0,60.0,0.0,-0.0078125,0.0,0.0,99.0,0.0,0.0,0.0,4.0,0.0,0.0,null,14.506,-1.0158718824386597
425,23011501,0,20230115125700,37.3573989,127.1640535,28.0,1453.5,14.509804,14.117647,10030.0,5.36,45.882355,350.0,13.333333,0.0703125,0.0,35.0,60.0,0.0,-0.0078125,0.0,0.0,99.0,0.0,0.0,0.0,4.0,0.0,0.0,null,14.506,-0.6515278816223145
426,23011501,0,20230115125701,37.3573537,127.1641332,29.0,1453.5,22.352942,14.117647,7880.0,6.8,45.882355,350.0,13.333333,0.0703125,0.0,35.0,60.0,0.0,-0.0078125,0.0,0.0,99.0,0.0,0.0,0.0,4.0,0.0,0.0,null,14.506,-0.3614717423915863
427,23011501,0,20230115125702,37.3573146,127.1642134,29.0,1527.0,22.352942,14.509804,7880.0,6.8,45.882355,350.0,10.588235,0.0703125,0.0,37.0,60.0,0.0,-0.0078125,0.0,0.0,99.0,0.0,0.0,0.0,4.0,0.0,0.0,null,14.506,-0.8107926845550537
428,23011501,0,20230115125703,37.3572741,127.1642923,30.0,1834.5,22.352942,14.509804,9140.0,9.25,45.882355,350.0,10.588235,0.0703125,0.0,72.0,60.0,0.0,-0.0078125,0.0,0.0,99.0,0.0,0.0,0.0,4.0,0.0,0.0,null,14.506,-1.567614197731018
429,23011501,0,20230115125704,37.3572306,127.1643686,31.0,1834.5,14.509804,16.078432,9140.0,9.25,45.882355,350.0,29.80392,0.0703125,0.0,72.0,60.0,0.0,-0.0078125,0.0,0.0,99.0,0.0,0.0,0.0,5.0,0.0,0.0,null,14.506,-1.5205165147781372
430,23011501,0,20230115125705,37.3571819,127.1644457,31.0,1631.0,14.509804,16.078432,9140.0,5.41,45.882355,350.0,7.45098,0.0703125,0.0,23.0,60.0,0.0,-0.0078125,0.0,0.0,99.0,0.0,0.0,0.0,4.0,0.0,0.0,null,14.506,-0.9268151521682739
431,23011501,0,20230115125706,37.3571315,127.164521,29.0,1631.0,14.509804,16.078432,8680.0,3.38,45.882355,350.0,7.45098,0.0703125,0.0,23.0,60.0,0.0,-0.0078125,0.0,0.0,99.0,0.0,0.0,0.0,4.0,0.0,0.0,null,14.506,-0.36788293719291687
432,23011501,0,20230115125707,37.3570807,127.1645959,28.0,1531.5,14.509804,14.509804,8680.0,3.38,45.882355,350.0,8.235294,0.0703125,0.0,23.0,60.0,0.0,-0.0078125,0.0,0.0,99.0,0.0,0.0,0.0,4.0,0.0,0.0,null,14.506,-0.3886455297470093
433,23011501,0,20230115125708,37.3570314,127.1646665,27.0,1424.5,14.509804,14.509804,8890.0,3.22,45.882355,350.0,8.235294,0.0703125,0.0,23.0,60.0,0.0,-0.0078125,0.0,0.0,99.0,0.0,0.0,0.0,4.0,0.0,0.0,null,14.506,-0.20497281849384308
434,23011501,0,20230115125709,37.3569838,127.1647331,25.0,1424.5,14.509804,14.509804,8890.0,3.22,45.882355,350.0,7.45098,0.0703125,0.0,23.0,60.0,0.0,-0.0078125,0.0,0.0,99.0,0.0,0.0,0.0,5.0,0.0,0.0,null,14.506,-0.4309404194355011
435,23011501,0,20230115125710,37.3569381,127.1647958,24.0,1298.5,14.509804,14.117647,8890.0,2.88,45.882355,350.0,7.45098,0.0703125,0.0,23.0,60.0,0.0,-0.0078125,0.0,0.0,99.0,0.0,0.0,0.0,5.0,0.0,0.0,null,14.506,-0.30681851506233215
436,23011501,0,20230115125711,37.3568943,127.1648547,21.0,1298.5,14.509804,14.117647,9110.0,2.47,45.882355,350.0,7.45098,0.0703125,0.0,23.0,60.0,0.0,-0.0078125,0.0,0.0,99.0,0.0,0.0,0.0,5.0,0.0,0.0,null,14.506,-0.09889969229698181
437,23011501,0,20230115125712,37.3568528,127.16491,19.0,1095.0,14.509804,12.941176,9110.0,2.47,45.882355,350.0,7.8431373,0.0703125,0.0,23.0,60.0,0.0,-0.0078125,0.0,0.0,99.0,0.0,0.0,0.0,5.0,0.0,0.0,null,14.506,0.08027596771717072
438,23011501,0,20230115125713,37.3568161,127.1649588,16.0,846.5,14.509804,12.941176,9240.0,1.77,45.882355,350.0,7.8431373,0.0703125,0.0,21.0,60.0,0.0,-0.0078125,0.0,0.0,99.0,0.0,0.0,0.0,5.0,0.0,0.0,null,14.506,-0.04949907958507538
439,23011501,0,20230115125714,37.3567869,127.1649978,13.0,846.5,14.509804,14.90196,9240.0,1.77,45.882355,350.0,17.647058,0.0703125,0.0,21.0,60.0,0.0,-0.0078125,0.0,0.0,99.0,0.0,0.0,0.0,5.0,0.0,0.0,null,14.506,-0.002642089268192649
440,23011501,0,20230115125715,37.3567601,127.1650338,10.0,793.0,14.509804,14.90196,9240.0,4.05,45.882355,350.0,27.843138,0.0703125,0.0,40.0,60.0,0.0,-0.0078125,0.0,0.0,99.0,0.0,0.0,0.0,5.0,0.0,0.0,null,14.506,0.0065331654623150826
441,23011501,0,20230115125716,37.3567382,127.1650632,6.0,793.0,14.509804,14.90196,7770.0,3.33,45.882355,350.0,27.843138,0.0703125,0.0,40.0,60.0,0.0,-0.0078125,0.0,0.0,99.0,0.0,0.0,0.0,5.0,0.0,0.0,null,14.506,0.13758745789527893
442,23011501,0,20230115125717,37.3567261,127.1650796,2.0,783.0,14.509804,14.90196,7770.0,3.33,45.882355,350.0,25.882353,0.0703125,0.0,47.0,60.0,0.0,-0.0078125,0.0,0.0,99.0,0.0,0.0,0.0,5.0,0.0,0.0,null,14.506,0.03606189042329788
443,23011501,0,20230115125718,37.3567164,127.1650927,0.0,755.5,14.509804,14.90196,7880.0,3.69,45.882355,350.0,26.666666,0.0703125,0.0,47.0,60.0,0.0,-0.0078125,0.0,0.0,99.0,0.0,0.0,0.0,5.0,0.0,0.0,null,14.506,0.07709312438964844
444,23011501,0,20230115125719,37.356714,127.165096,0.0,755.5,14.509804,14.509804,7880.0,3.52,45.882355,350.0,26.666666,0.0703125,0.0,47.0,60.0,0.0,-0.0078125,0.0,0.0,99.0,0.0,0.0,0.0,5.0,0.0,0.0,null,14.506,-0.01809651404619217
445,23011501,0,20230115125720,37.356714,127.165096,0.0,751.0,14.509804,14.509804,7910.0,3.52,45.882355,350.0,25.882353,0.0703125,0.0,45.0,60.0,0.0,-0.0078125,0.0,0.0,99.0,0.0,0.0,0.0,5.0,0.0,0.0,null,14.506,-0.0030556591227650642
446,23011501,0,20230115125721,37.356714,127.165096,0.0,753.5,14.509804,14.509804,7910.0,3.61,45.882355,350.0,25.882353,0.0703125,0.0,46.0,60.0,0.0,-0.0078125,0.0,0.0,99.0,0.0,0.0,0.0,5.0,0.0,0.0,null,14.506,-0.003459395607933402
447,23011501,0,20230115125722,37.356714,127.165096,0.0,753.5,14.509804,14.509804,7910.0,3.61,47.843136,350.0,25.882353,0.0703125,0.0,46.0,60.0,0.0,-0.0078125,0.0,0.0,99.0,0.0,0.0,0.0,5.0,0.0,0.0,null,14.506,-0.012350033037364483
448,23011501,0,20230115125723,37.356714,127.165096,0.0,746.5,14.509804,14.509804,7940.0,3.47,47.843136,350.0,26.27451,0.0703125,0.0,46.0,60.0,0.0,-0.0078125,0.0,0.0,99.0,0.0,0.0,0.0,5.0,0.0,0.0,null,14.506,-0.008830888196825981
449,23011501,0,20230115125724,37.356714,127.165096,0.0,746.5,14.509804,14.509804,7940.0,3.63,47.843136,350.0,26.27451,0.0703125,0.0,46.0,60.0,0.0,-0.0078125,0.0,0.0,99.0,0.0,0.0,0.0,5.0,0.0,0.0,null,14.506,-0.002066290006041527
450,23011501,0,20230115125725,37.356714,127.165096,0.0,741.0,14.509804,14.509804,7940.0,3.63,47.843136,350.0,26.27451,0.0703125,0.0,45.0,60.0,0.0,-0.0078125,0.0,0.0,99.0,0.0,0.0,0.0,5.0,0.0,0.0,null,14.506,0.0019387021893635392
451,23011501,0,20230115125726,37.356714,127.165096,0.0,741.0,14.509804,14.509804,7800.0,3.66,47.843136,350.0,26.27451,0.0703125,0.0,46.0,60.0,0.0,-0.0078125,0.0,0.0,99.0,0.0,0.0,0.0,5.0,0.0,0.0,null,14.318,-0.010764190927147865
452,23011501,0,20230115125727,37.356714,127.165096,0.0,744.5,14.509804,14.509804,7800.0,3.66,47.843136,350.0,25.09804,0.078125,0.0,46.0,60.0,0.0,-0.0078125,0.0,0.0,99.0,0.0,0.0,0.0,5.0,0.0,0.0,null,14.318,-0.005392186343669891
453,23011501,0,20230115125728,37.356714,127.165096,0.0,751.0,14.509804,14.509804,7970.0,3.5,47.843136,350.0,25.09804,0.078125,0.0,47.0,60.0,0.0,-0.0078125,0.0,0.0,99.0,0.0,0.0,0.0,5.0,0.0,0.0,null,14.318,-0.003948208410292864
454,23011501,0,20230115125729,37.356714,127.165096,0.0,751.0,14.509804,14.90196,7970.0,3.5,47.843136,350.0,25.09804,0.078125,0.0,47.0,60.0,0.0,-0.0078125,0.0,0.0,99.0,0.0,0.0,0.0,5.0,0.0,0.0,null,14.318,-0.011893600225448608
455,23011501,0,20230115125730,37.356714,127.165096,0.0,731.0,14.509804,14.90196,7970.0,3.77,47.843136,350.0,26.27451,0.078125,0.0,45.0,60.0,0.0,-0.0078125,0.0,0.0,99.0,0.0,0.0,0.0,5.0,0.0,0.0,null,14.318,-0.006568057928234339
456,23011501,0,20230115125731,37.356714,127.165096,0.0,731.0,14.509804,14.90196,7960.0,3.77,47.843136,350.0,26.27451,0.078125,0.0,45.0,60.0,0.0,-0.0078125,0.0,0.0,99.0,0.0,0.0,0.0,5.0,0.0,0.0,null,14.318,-0.006218684371560812
457,23011501,0,20230115125732,37.356714,127.165096,0.0,731.0,14.509804,14.90196,7960.0,3.77,47.843136,350.0,25.882353,0.078125,0.0,47.0,60.0,0.0,-0.0078125,0.0,0.0,99.0,0.0,0.0,0.0,5.0,0.0,0.0,null,14.318,-0.005209618713706732
458,23011501,0,20230115125733,37.356714,127.165096,0.0,741.5,14.509804,14.90196,7850.0,3.83,47.843136,350.0,25.882353,0.078125,0.0,46.0,60.0,0.0,-0.0078125,0.0,0.0,99.0,0.0,0.0,0.0,5.0,0.0,0.0,null,14.318,-0.01328873261809349
459,23011501,0,20230115125734,37.356714,127.165096,0.0,741.5,14.509804,14.509804,7850.0,3.83,47.843136,350.0,25.09804,0.078125,0.0,46.0,60.0,0.0,-0.0078125,0.0,0.0,99.0,0.0,0.0,0.0,5.0,0.0,0.0,null,14.318,-0.005686391144990921
460,23011501,0,20230115125735,37.356714,127.165096,0.0,739.0,14.509804,14.509804,7850.0,3.75,47.843136,350.0,25.09804,0.078125,0.0,46.0,60.0,0.0,-0.0078125,0.0,0.0,99.0,0.0,0.0,0.0,5.0,0.0,0.0,null,14.318,-0.006049229763448238
461,23011501,0,20230115125736,37.356714,127.165096,0.0,739.0,14.509804,14.509804,7960.0,3.69,47.843136,350.0,25.09804,0.078125,0.0,47.0,61.0,0.0,-0.0078125,0.0,0.0,99.0,0.0,0.0,0.0,5.0,0.0,0.0,null,14.318,0.03620242699980736
462,23011501,0,20230115125737,37.356714,127.165096,2.0,745.0,14.509804,14.90196,7960.0,3.69,47.843136,350.0,27.843138,0.078125,0.0,47.0,61.0,0.0,-0.0078125,0.0,0.0,99.0,0.0,0.0,0.0,5.0,0.0,0.0,null,14.318,0.04012569040060043
463,23011501,0,20230115125738,37.356714,127.165096,4.0,990.5,14.509804,14.90196,7870.0,4.19,47.843136,350.0,27.843138,0.078125,0.0,65.0,61.0,0.0,-0.0078125,0.0,0.0,99.0,0.0,0.0,0.0,5.0,0.0,0.0,null,14.318,0.06073596701025963
464,23011501,0,20230115125739,37.3567116,127.1650993,8.0,990.5,30.588236,20.392157,7870.0,4.19,47.843136,350.0,20.784313,0.078125,0.0,65.0,61.0,0.0,-0.0078125,0.0,0.0,99.0,0.0,0.0,0.0,5.0,0.0,0.0,null,14.318,0.21957041323184967
465,23011501,0,20230115125740,37.356702,127.1651125,13.0,1740.5,30.588236,20.392157,7870.0,11.91,47.843136,350.0,23.921568,0.078125,0.0,73.0,61.0,0.0,-0.0078125,0.0,0.0,99.0,0.0,0.0,0.0,5.0,0.0,0.0,null,14.318,0.08847812563180923
466,23011501,0,20230115125741,37.3566852,127.1651356,16.0,1740.5,28.235294,20.392157,13290.0,14.3,47.843136,350.0,23.921568,0.078125,0.0,77.0,61.0,0.0,-0.0078125,0.0,0.0,99.0,0.0,0.0,0.0,5.0,0.0,0.0,null,14.318,-0.0005741012282669544
467,23011501,0,20230115125742,37.3566611,127.1651687,19.0,1528.5,28.235294,19.607843,13290.0,14.3,47.843136,350.0,25.09804,0.078125,0.0,77.0,61.0,0.0,-0.0078125,0.0,0.0,99.0,0.0,0.0,0.0,5.0,0.0,0.0,null,14.318,-0.01026243157684803
468,23011501,0,20230115125743,37.3566324,127.1652084,21.0,1744.0,28.235294,19.607843,11640.0,11.3,47.843136,350.0,25.882353,0.078125,0.0,74.0,61.0,0.0,-0.0078125,0.0,0.0,99.0,0.0,0.0,0.0,5.0,0.0,0.0,null,14.318,-0.35475701093673706
469,23011501,0,20230115125744,37.3565987,127.1652545,23.0,1744.0,27.058823,18.82353,11640.0,8.52,47.843136,350.0,25.882353,0.078125,0.0,82.0,61.0,0.0,-0.0078125,0.0,0.0,99.0,0.0,0.0,0.0,5.0,0.0,0.0,null,14.318,-0.37912508845329285
470,23011501,0,20230115125745,37.3565591,127.1653183,26.0,1327.5,27.058823,18.82353,12450.0,8.52,47.843136,350.0,29.411764,0.078125,0.0,82.0,61.0,0.0,-0.0078125,0.0,0.0,99.0,0.0,0.0,0.0,5.0,0.0,0.0,null,14.318,-0.3548811376094818
471,23011501,0,20230115125746,37.3565152,127.1653769,27.0,1447.5,27.843138,18.82353,12450.0,11.02,47.843136,350.0,29.411764,0.078125,0.0,81.0,61.0,0.0,-0.0078125,0.0,0.0,99.0,0.0,0.0,0.0,5.0,0.0,0.0,null,14.318,-0.06372013688087463
472,23011501,0,20230115125747,37.3564689,127.1654388,30.0,1447.5,27.843138,20.784313,14000.0,12.25,47.843136,350.0,29.411764,0.078125,0.0,77.0,61.0,0.0,-0.0078125,0.0,0.0,99.0,0.0,0.0,0.0,5.0,0.0,0.0,null,14.318,0.47035953402519226
473,23011501,0,20230115125748,37.3564178,127.1655075,32.0,1631.5,25.490196,20.784313,14000.0,12.25,47.843136,350.0,30.19608,0.078125,0.0,77.0,61.0,0.0,-0.0078125,0.0,0.0,99.0,0.0,0.0,0.0,4.0,0.0,0.0,null,14.318,0.2099524438381195
474,23011501,0,20230115125749,37.3563648,127.1655799,34.0,1527.0,25.490196,18.82353,14000.0,9.91,47.843136,350.0,21.960785,0.078125,0.0,70.0,61.0,0.0,-0.0078125,0.0,0.0,99.0,0.0,0.0,0.0,4.0,0.0,0.0,null,14.318,0.05862097069621086
475,23011501,0,20230115125750,37.3563073,127.1656593,34.0,1527.0,24.705883,18.82353,8350.0,7.58,47.843136,350.0,21.960785,0.078125,0.0,70.0,61.0,0.0,-0.0078125,0.0,0.0,99.0,0.0,0.0,0.0,4.0,0.0,0.0,null,14.318,-0.15999817848205566
476,23011501,0,20230115125751,37.3562493,127.1657383,35.0,1436.0,24.705883,18.82353,8350.0,7.58,47.843136,350.0,21.17647,0.078125,0.0,67.0,61.0,0.0,-0.0078125,0.0,0.0,99.0,0.0,0.0,0.0,4.0,0.0,0.0,null,14.318,0.7247774600982666
477,23011501,0,20230115125752,37.3561883,127.1658198,36.0,1436.0,24.705883,17.647058,8330.0,7.69,46.27451,350.0,21.17647,0.078125,0.0,70.0,61.0,0.0,-0.0078125,0.0,0.0,99.0,0.0,0.0,0.0,4.0,0.0,0.0,null,14.318,-0.053650856018066406
478,23011501,0,20230115125753,37.3561244,127.1659039,37.0,1463.0,27.450981,17.647058,8330.0,7.69,46.27451,350.0,27.450981,0.078125,0.0,70.0,61.0,0.0,-0.0078125,0.0,0.0,99.0,0.0,0.0,0.0,5.0,0.0,0.0,null,14.318,0.40718206763267517
479,23011501,0,20230115125754,37.356063,127.165985,38.0,1402.0,27.450981,19.215687,8330.0,10.16,46.27451,350.0,21.960785,0.078125,0.0,72.0,61.0,0.0,-0.0078125,0.0,0.0,99.0,0.0,0.0,0.0,5.0,0.0,0.0,null,14.318,0.41937410831451416
480,23011501,0,20230115125755,37.3560013,127.1660845,38.0,1402.0,26.666666,19.215687,9760.0,9.5,46.27451,350.0,21.960785,0.078125,0.0,72.0,61.0,0.0,-0.0078125,0.0,0.0,99.0,0.0,0.0,0.0,4.0,0.0,0.0,null,14.506,0.2975296676158905
481,23011501,0,20230115125756,37.3559359,127.1661731,39.0,1386.0,26.666666,19.215687,9760.0,9.5,46.27451,350.0,26.666666,0.078125,0.0,81.0,61.0,0.0,-0.0078125,0.0,0.0,99.0,0.0,0.0,0.0,5.0,0.0,0.0,null,14.506,0.13367266952991486
482,23011501,0,20230115125757,37.3558681,127.1662652,40.0,1386.0,26.666666,20.0,13050.0,10.44,46.27451,350.0,26.666666,0.03125,0.0,83.0,61.0,0.0,-0.0078125,0.0,0.0,99.0,0.0,0.0,0.0,5.0,0.0,0.0,null,14.506,-0.2742259204387665
483,23011501,0,20230115125758,37.3557979,127.1663604,41.0,1413.0,29.019608,21.568628,13050.0,10.44,46.27451,350.0,32.156864,0.03125,0.0,83.0,61.0,0.0,-0.0078125,0.0,0.0,99.0,0.0,0.0,0.0,4.0,0.0,0.0,null,14.506,-0.18537677824497223
484,23011501,0,20230115125759,37.3557276,127.1664555,43.0,1463.5,29.019608,21.568628,13050.0,12.41,46.27451,350.0,36.47059,0.03125,0.0,81.0,61.0,0.0,-0.0078125,0.0,0.0,99.0,0.0,0.0,0.0,4.0,0.0,0.0,null,14.506,0.08970025926828384
485,23011501,0,20230115125800,37.355655,127.1665542,45.0,1463.5,32.54902,21.568628,16680.0,17.63,46.27451,350.0,36.47059,0.03125,0.0,87.0,61.0,0.0,-0.0078125,0.0,0.0,99.0,0.0,0.0,0.0,4.0,0.0,0.0,null,14.506,0.06608738005161285
486,23011501,0,20230115125801,37.3555803,127.1666565,47.0,1562.5,32.54902,25.882353,18700.0,17.63,46.27451,350.0,44.705883,0.03125,0.0,87.0,61.0,0.0,-0.0078125,0.0,0.0,99.0,0.0,0.0,0.0,4.0,0.0,0.0,null,14.506,-0.11282099783420563
487,23011501,0,20230115125802,37.3555006,127.1667652,49.0,1372.0,32.54902,25.882353,18700.0,17.52,46.27451,350.0,39.60784,0.03125,0.0,91.0,61.0,0.0,-0.0078125,0.0,0.0,99.0,0.0,0.0,0.0,4.0,0.0,0.0,null,14.506,-0.4333473742008209
488,23011501,0,20230115125803,37.3554175,127.1668761,50.0,1372.0,26.27451,20.0,18700.0,9.61,46.27451,350.0,39.60784,0.03125,0.0,91.0,61.0,0.0,-0.0078125,0.0,0.0,99.0,0.0,0.0,0.0,4.0,0.0,0.0,null,14.506,-0.2537976801395416
489,23011501,0,20230115125804,37.3553319,127.1670027,51.0,1417.5,26.27451,20.0,8160.0,9.61,46.27451,350.0,23.921568,0.03125,0.0,73.0,64.0,0.0,-0.0078125,0.0,0.0,99.0,0.0,0.0,0.0,4.0,0.0,0.0,null,14.506,-0.8974951505661011
490,23011501,0,20230115125805,37.3552409,127.1671165,50.0,1395.5,14.509804,20.0,8160.0,3.52,46.27451,350.0,23.921568,0.03125,0.0,21.0,64.0,0.0,-0.0078125,0.0,0.0,99.0,0.0,0.0,0.0,4.0,0.0,0.0,null,14.506,-1.0862773656845093
491,23011501,0,20230115125806,37.3551478,127.1672276,49.0,1395.5,14.509804,14.117647,8170.0,2.97,46.27451,350.0,7.0588236,0.03125,0.0,21.0,64.0,0.0,-0.0078125,0.0,0.0,99.0,0.0,0.0,0.0,4.0,0.0,0.0,null,14.506,-1.0961260795593262
492,23011501,0,20230115125807,37.3550517,127.1673345,48.0,1363.0,14.509804,14.117647,8170.0,2.97,46.27451,350.0,7.0588236,0.03125,0.0,23.0,64.0,0.0,-0.0078125,0.0,0.0,99.0,0.0,0.0,0.0,4.0,0.0,0.0,null,14.506,-0.9567390084266663
493,23011501,0,20230115125808,37.3549558,127.1674349,48.0,1363.0,14.509804,14.117647,8170.0,5.38,46.27451,350.0,7.0588236,0.03125,0.0,48.0,64.0,0.0,-0.0078125,0.0,0.0,99.0,0.0,0.0,0.0,4.0,0.0,0.0,null,14.506,-1.264582633972168
494,23011501,0,20230115125809,37.3548608,127.1675295,48.0,1344.5,14.509804,14.117647,12840.0,5.38,46.27451,350.0,20.0,0.03125,0.0,48.0,64.0,0.0,-0.0078125,0.0,0.0,99.0,0.0,0.0,0.0,5.0,0.0,0.0,null,14.506,-0.19185470044612885
495,23011501,0,20230115125810,37.3547606,127.167623,49.0,1389.5,25.882353,14.117647,12840.0,11.25,46.27451,350.0,20.0,0.03125,0.0,74.0,64.0,0.0,-0.0078125,0.0,0.0,99.0,0.0,0.0,0.0,5.0,0.0,0.0,null,14.506,-1.110055685043335
496,23011501,0,20230115125811,37.3546611,127.1677101,49.0,1389.5,25.882353,14.509804,7940.0,11.25,46.27451,350.0,15.294118,0.03125,0.0,74.0,64.0,0.0,-0.0078125,0.0,0.0,99.0,0.0,0.0,0.0,4.0,0.0,0.0,null,14.506,-0.2922826409339905
497,23011501,0,20230115125812,37.3545533,127.167798,49.0,1383.5,25.882353,14.509804,7940.0,3.08,46.27451,350.0,6.6666665,0.03125,0.0,20.0,64.0,0.0,-0.0078125,0.0,0.0,99.0,0.0,0.0,0.0,4.0,0.0,0.0,null,14.506,-1.0422836542129517
498,23011501,0,20230115125813,37.3544433,127.167881,49.0,1383.5,23.921568,19.607843,7940.0,12.47,46.27451,350.0,6.6666665,0.03125,0.0,20.0,64.0,0.0,-0.0078125,0.0,0.0,99.0,0.0,0.0,0.0,4.0,0.0,0.0,null,14.506,-1.424073576927185
499,23011501,0,20230115125814,37.3543337,127.1679563,51.0,1415.5,23.921568,19.607843,10770.0,12.47,46.27451,350.0,30.19608,0.03125,0.0,82.0,64.0,0.0,-0.0078125,0.0,0.0,99.0,0.0,0.0,0.0,5.0,0.0,0.0,null,14.506,-0.8623301386833191
500,23011501,0,20230115125815,37.3542196,127.1680302,52.0,1455.0,21.568628,19.607843,10770.0,8.38,46.27451,350.0,15.294118,0.03125,0.0,63.0,64.0,0.0,-0.0078125,0.0,0.0,99.0,0.0,0.0,0.0,5.0,0.0,0.0,null,14.506,-0.8726016879081726
501,23011501,0,20230115125816,37.3541008,127.1681026,53.0,1455.0,21.568628,16.862745,7880.0,6.5,46.27451,350.0,15.294118,0.03125,0.0,63.0,64.0,0.0,-0.0078125,0.0,0.0,99.0,0.0,0.0,0.0,4.0,0.0,0.0,null,14.506,-0.47094249725341797
502,23011501,0,20230115125817,37.3539778,127.1681743,54.0,1498.0,21.568628,16.862745,7880.0,6.5,46.27451,350.0,15.294118,0.03125,0.0,54.0,64.0,0.0,-0.0078125,0.0,0.0,99.0,0.0,0.0,0.0,4.0,0.0,0.0,null,14.506,-0.2726077437400818
503,23011501,0,20230115125818,37.3538545,127.1682452,55.0,1540.5,21.17647,16.862745,7880.0,6.61,46.27451,350.0,15.294118,0.03125,0.0,55.0,64.0,0.0,-0.0078125,0.0,0.0,99.0,0.0,0.0,0.0,4.0,0.0,0.0,null,14.506,-0.17998740077018738
504,23011501,0,20230115125819,37.3537276,127.1683171,55.0,1540.5,21.17647,16.862745,8110.0,6.61,46.27451,350.0,15.686275,0.03125,0.0,55.0,65.0,0.0,-0.0078125,0.0,0.0,99.0,0.0,0.0,0.0,4.0,0.0,0.0,null,14.506,-0.19456034898757935
505,23011501,0,20230115125820,37.3536002,127.1684027,56.0,1540.5,22.745098,16.862745,8110.0,7.19,46.27451,350.0,15.686275,0.03125,0.0,57.0,65.0,0.0,-0.0078125,0.0,0.0,99.0,0.0,0.0,0.0,4.0,0.0,0.0,null,14.506,0.6387508511543274
506,23011501,0,20230115125821,37.3534697,127.1684756,58.0,1599.0,22.745098,17.647058,8110.0,7.19,45.882355,350.0,17.254902,0.03125,0.0,57.0,65.0,0.0,-0.0078125,0.0,0.0,99.0,0.0,0.0,0.0,5.0,0.0,0.0,null,14.506,0.05690213292837143
507,23011501,0,20230115125822,37.3533358,127.1685499,59.0,1599.0,22.745098,17.647058,7940.0,7.36,45.882355,350.0,17.254902,0.03125,0.0,63.0,65.0,0.0,-0.0078125,0.0,0.0,99.0,0.0,0.0,0.0,5.0,0.0,0.0,null,14.506,-0.2095431238412857
508,23011501,0,20230115125823,37.3531987,127.1686259,60.0,1317.0,23.529411,17.647058,7940.0,7.36,45.882355,350.0,16.862745,0.03125,0.0,63.0,65.0,0.0,-0.0078125,0.0,0.0,99.0,0.0,0.0,0.0,5.0,0.0,0.0,null,14.506,-0.8104811310768127
509,23011501,0,20230115125824,37.3530616,127.1687022,61.0,1379.5,23.529411,17.254902,7940.0,6.94,45.882355,350.0,18.039215,0.03125,0.0,64.0,65.0,0.0,-0.0078125,0.0,0.0,99.0,0.0,0.0,0.0,5.0,0.0,0.0,null,14.506,-0.05279022827744484
510,23011501,0,20230115125825,37.352923,127.1687959,62.0,1379.5,23.529411,17.254902,7880.0,6.97,45.882355,350.0,18.039215,0.03125,0.0,64.0,65.0,0.0,-0.0078125,0.0,0.0,99.0,0.0,0.0,0.0,5.0,0.0,0.0,null,14.459,0.025477278977632523
511,23011501,0,20230115125826,37.3527801,127.1688776,63.0,1396.5,23.529411,17.254902,7880.0,6.97,45.882355,350.0,17.647058,0.03125,0.0,64.0,65.0,0.0,-0.0078125,0.0,0.0,99.0,0.0,0.0,0.0,5.0,0.0,0.0,null,14.459,0.056200046092271805
512,23011501,0,20230115125827,37.3526339,127.1689613,64.0,1396.5,23.529411,17.254902,7830.0,5.63,45.882355,350.0,17.647058,0.015625,0.0,31.0,65.0,0.0,-0.0078125,0.0,0.0,99.0,0.0,0.0,0.0,5.0,0.0,0.0,null,14.459,0.38905563950538635
513,23011501,0,20230115125828,37.3524935,127.1690591,64.0,1415.5,14.509804,17.254902,7830.0,5.63,45.882355,350.0,7.8431373,0.015625,0.0,31.0,65.0,0.0,-0.0078125,0.0,0.0,99.0,0.0,0.0,0.0,4.0,0.0,0.0,null,14.459,0.5751173496246338
514,23011501,0,20230115125829,37.3523467,127.1691514,64.0,1415.5,14.509804,14.117647,7830.0,3.13,45.882355,350.0,6.6666665,0.015625,0.0,22.0,65.0,0.0,-0.0078125,0.0,0.0,99.0,0.0,0.0,0.0,4.0,0.0,0.0,null,14.459,0.4164406657218933
515,23011501,0,20230115125830,37.3522011,127.1692464,64.0,1415.5,23.137255,14.117647,7880.0,7.22,45.882355,350.0,6.6666665,0.015625,0.0,22.0,65.0,0.0,-0.0078125,0.0,0.0,99.0,0.0,0.0,0.0,5.0,0.0,0.0,null,14.459,0.6437538266181946
516,23011501,0,20230115125831,37.352057,127.1693448,66.0,1439.5,23.137255,14.117647,7880.0,7.22,45.882355,350.0,19.607843,0.015625,0.0,63.0,65.0,0.0,-0.0078125,0.0,0.0,99.0,0.0,0.0,0.0,5.0,0.0,0.0,null,14.459,0.7796375155448914
517,23011501,0,20230115125832,37.351912,127.1694505,67.0,1474.5,23.137255,18.82353,9360.0,9.27,45.882355,350.0,19.607843,0.015625,0.0,72.0,65.0,0.0,-0.0078125,0.0,0.0,99.0,0.0,0.0,0.0,5.0,0.0,0.0,null,14.459,1.0223188400268555
518,23011501,0,20230115125833,37.3517699,127.1695621,68.0,1474.5,24.705883,18.431372,9360.0,9.27,45.882355,350.0,20.784313,0.015625,0.0,72.0,65.0,0.0,-0.0078125,0.0,0.0,99.0,0.0,0.0,0.0,5.0,0.0,0.0,null,14.459,1.0826200246810913
519,23011501,0,20230115125834,37.3516274,127.1696813,69.0,1522.5,24.705883,18.431372,9360.0,8.77,45.882355,350.0,19.215687,0.015625,0.0,67.0,65.0,0.0,-0.0078125,0.0,0.0,99.0,0.0,0.0,0.0,5.0,0.0,0.0,null,14.459,0.9561575055122375
520,23011501,0,20230115125835,37.3514817,127.1698104,70.0,1522.5,23.921568,18.431372,8970.0,8.58,45.882355,350.0,19.215687,0.015625,0.0,67.0,66.0,0.0,-0.0078125,0.0,0.0,99.0,0.0,0.0,0.0,5.0,0.0,0.0,null,14.459,0.9691213369369507
521,23011501,0,20230115125836,37.3513388,127.1699444,71.0,1569.0,23.921568,18.431372,8970.0,8.58,45.882355,350.0,11.764706,0.015625,0.0,53.0,66.0,0.0,-0.0078125,0.0,0.0,99.0,0.0,0.0,0.0,4.0,0.0,0.0,null,14.459,0.8433407545089722
522,23011501,0,20230115125837,37.3511987,127.1700831,71.0,1569.0,23.921568,14.509804,8130.0,3.3,45.882355,350.0,11.764706,0.015625,0.0,21.0,66.0,0.0,-0.0078125,0.0,0.0,99.0,0.0,0.0,0.0,4.0,0.0,0.0,null,14.459,0.8332375288009644
523,23011501,0,20230115125838,37.3510592,127.1702427,71.0,1566.5,14.509804,14.509804,8130.0,3.3,45.882355,350.0,7.0588236,0.015625,0.0,21.0,66.0,0.0,-0.0078125,0.0,0.0,99.0,0.0,0.0,0.0,5.0,0.0,0.0,null,14.459,0.7851090431213379
524,23011501,0,20230115125839,37.3509227,127.1703938,71.0,1559.5,14.509804,14.509804,8130.0,3.38,45.882355,350.0,7.0588236,0.015625,0.0,23.0,66.0,0.0,-0.0078125,0.0,0.0,99.0,0.0,0.0,0.0,5.0,0.0,0.0,null,14.459,0.4509621858596802
525,23011501,0,20230115125840,37.3507883,127.1705477,70.0,1559.5,14.509804,14.509804,8510.0,3.38,45.882355,350.0,7.0588236,0.015625,0.0,23.0,66.0,0.0,-0.0078125,0.0,0.0,100.0,0.0,0.0,0.0,5.0,0.0,0.0,null,14.459,0.05175744742155075
526,23011501,0,20230115125841,37.3506549,127.1707031,70.0,1526.5,14.509804,14.509804,8510.0,3.25,45.882355,350.0,7.0588236,0.015625,0.0,23.0,66.0,0.0,-0.0078125,0.0,0.0,100.0,0.0,0.0,0.0,5.0,0.0,0.0,null,14.459,0.4282190203666687
527,23011501,0,20230115125842,37.3505251,127.1708565,70.0,1526.5,14.509804,14.509804,8640.0,3.22,45.882355,350.0,7.0588236,0.015625,0.0,23.0,66.0,0.0,-0.0078125,0.0,0.0,100.0,0.0,0.0,0.0,5.0,0.0,0.0,null,14.459,0.21292990446090698
528,23011501,0,20230115125843,37.3503962,127.1710113,69.0,1525.0,14.509804,14.509804,8640.0,3.22,45.882355,350.0,6.6666665,0.015625,0.0,23.0,66.0,0.0,-0.0078125,0.0,0.0,100.0,0.0,0.0,0.0,5.0,0.0,0.0,null,14.459,0.05102810636162758
529,23011501,0,20230115125844,37.3502677,127.1711665,68.0,1525.0,14.509804,14.509804,8640.0,3.22,45.882355,350.0,6.6666665,0.015625,0.0,23.0,66.0,0.0,-0.0078125,0.0,0.0,100.0,0.0,0.0,0.0,5.0,0.0,0.0,null,14.459,-0.1305287480354309
530,23011501,0,20230115125845,37.3501409,127.17133,67.0,1491.5,14.509804,14.509804,8110.0,3.22,45.882355,350.0,6.6666665,0.015625,0.0,23.0,66.0,0.0,-0.0078125,0.0,0.0,100.0,0.0,0.0,0.0,5.0,0.0,0.0,null,14.459,-0.04556151106953621
531,23011501,0,20230115125846,37.3500175,127.1714789,67.0,1469.5,20.392157,14.509804,8110.0,6.61,45.882355,350.0,6.6666665,0.015625,0.0,51.0,66.0,0.0,-0.0078125,0.0,0.0,100.0,0.0,0.0,0.0,5.0,0.0,0.0,null,14.459,-0.2345263659954071
532,23011501,0,20230115125847,37.3498943,127.171628,66.0,1469.5,20.392157,16.862745,7880.0,6.8,45.882355,350.0,14.90196,0.015625,0.0,51.0,66.0,0.0,-0.0078125,0.0,0.0,100.0,0.0,0.0,0.0,5.0,0.0,0.0,null,14.459,-0.37732505798339844
533,23011501,0,20230115125848,37.3497711,127.171777,66.0,1450.5,20.392157,16.862745,7880.0,6.8,45.882355,350.0,15.294118,0.015625,0.0,54.0,66.0,0.0,-0.0078125,0.0,0.0,100.0,0.0,0.0,0.0,5.0,0.0,0.0,null,14.459,1.5322130918502808
534,23011501,0,20230115125849,37.3496506,127.1719231,65.0,1450.5,14.509804,16.078432,7880.0,6.25,45.882355,350.0,15.294118,0.015625,0.0,29.0,66.0,0.0,-0.0078125,0.0,0.0,100.0,0.0,0.0,0.0,5.0,0.0,0.0,null,14.459,-0.2944532632827759
535,23011501,0,20230115125850,37.34953,127.1720691,64.0,1427.5,14.509804,16.078432,7880.0,6.25,45.882355,350.0,7.45098,0.015625,0.0,29.0,66.0,0.0,-0.0078125,0.0,0.0,100.0,0.0,0.0,0.0,5.0,0.0,0.0,null,14.459,0.19012318551540375
536,23011501,0,20230115125851,37.349412,127.172212,62.0,1376.0,14.509804,16.078432,7880.0,3.11,45.882355,350.0,7.45098,0.015625,0.0,23.0,65.0,0.0,-0.0078125,0.0,0.0,100.0,0.0,0.0,0.0,5.0,0.0,0.0,null,14.459,-0.07643859833478928
537,23011501,0,20230115125852,37.3492966,127.1723519,61.0,1376.0,14.509804,14.117647,7880.0,3.11,46.666668,350.0,6.6666665,0.015625,0.0,23.0,65.0,0.0,-0.0078125,0.0,0.0,100.0,0.0,0.0,0.0,5.0,0.0,0.0,null,14.459,-0.0686442106962204
538,23011501,0,20230115125853,37.3491788,127.1725028,60.0,1339.0,14.509804,14.117647,7900.0,6.44,46.666668,350.0,16.862745,0.015625,0.0,56.0,65.0,0.0,-0.0078125,0.0,0.0,100.0,0.0,0.0,0.0,5.0,0.0,0.0,null,14.459,-0.7140020132064819
539,23011501,0,20230115125854,37.3490679,127.1726355,60.0,1339.0,27.450981,21.568628,7900.0,11.3,46.666668,350.0,16.862745,0.015625,0.0,56.0,65.0,0.0,-0.0078125,0.0,0.0,100.0,0.0,0.0,0.0,5.0,0.0,0.0,null,14.459,-0.11735399812459946
540,23011501,0,20230115125855,37.348957,127.1727681,61.0,1342.0,27.450981,21.568628,7900.0,11.3,46.666668,350.0,27.843138,0.015625,0.0,86.0,65.0,0.0,-0.0078125,0.0,0.0,100.0,0.0,0.0,0.0,5.0,0.0,0.0,null,14.459,-0.057535141706466675
541,23011501,0,20230115125856,37.348846,127.1729006,61.0,1342.0,27.843138,21.568628,13040.0,10.94,46.666668,350.0,27.843138,0.015625,0.0,85.0,65.0,0.0,-0.0078125,0.0,0.0,100.0,0.0,0.0,0.0,5.0,0.0,0.0,null,14.459,0.3152405619621277
542,23011501,0,20230115125857,37.3487327,127.1730366,62.0,1356.5,27.843138,19.607843,13040.0,10.94,46.666668,350.0,27.450981,0.015625,0.0,85.0,65.0,0.0,-0.0078125,0.0,0.0,100.0,0.0,0.0,0.0,5.0,0.0,0.0,null,14.459,0.2569252550601959
543,23011501,0,20230115125858,37.3486196,127.173173,61.0,1335.5,27.843138,19.607843,9010.0,5.16,46.666668,350.0,27.450981,0.046875,0.0,28.0,65.0,0.0,-0.0078125,0.0,0.0,100.0,0.0,0.0,0.0,5.0,0.0,0.0,null,14.459,0.191141739487648
544,23011501,0,20230115125859,37.3485074,127.1733103,59.0,1335.5,16.862745,14.117647,9010.0,5.16,46.666668,350.0,7.45098,0.046875,0.0,28.0,65.0,0.0,-0.0078125,0.0,0.0,100.0,0.0,0.0,0.0,4.0,0.0,0.0,null,14.459,-0.19353444874286652
545,23011501,0,20230115125900,37.3483986,127.1734458,58.0,1311.5,16.862745,14.117647,9010.0,2.94,46.666668,350.0,11.764706,0.046875,0.0,23.0,65.0,0.0,-0.0078125,0.0,0.0,100.0,0.0,0.0,0.0,4.0,0.0,0.0,null,14.459,-0.24144712090492249
546,23011501,0,20230115125901,37.3482933,127.1735792,57.0,1311.5,18.039215,14.117647,7820.0,5.19,46.666668,350.0,11.764706,0.046875,0.0,23.0,65.0,0.0,-0.0078125,0.0,0.0,100.0,0.0,0.0,0.0,5.0,0.0,0.0,null,14.459,0.23165422677993774
547,23011501,0,20230115125902,37.3481896,127.1737144,56.0,1253.0,18.039215,14.117647,7820.0,5.19,46.666668,350.0,22.352942,0.046875,0.0,55.0,65.0,0.0,-0.0078125,0.0,0.0,100.0,0.0,0.0,0.0,5.0,0.0,0.0,null,14.459,0.7404099702835083
548,23011501,0,20230115125903,37.3480938,127.1738467,55.0,1226.0,18.039215,18.039215,8050.0,4.25,46.666668,350.0,22.352942,0.046875,0.0,27.0,65.0,0.0,-0.0078125,0.0,0.0,100.0,0.0,0.0,0.0,5.0,0.0,0.0,null,14.459,0.47771772742271423
549,23011501,0,20230115125904,37.3479949,127.1739909,54.0,1226.0,16.862745,13.725491,8050.0,4.25,46.666668,350.0,7.45098,0.046875,0.0,27.0,65.0,0.0,-0.0078125,0.0,0.0,100.0,0.0,0.0,0.0,5.0,0.0,0.0,null,14.459,0.6168288588523865
550,23011501,0,20230115125905,37.3479026,127.1741271,53.0,1187.5,16.862745,13.725491,8050.0,5.02,46.666668,350.0,13.333333,0.046875,0.0,45.0,65.0,0.0,-0.0078125,0.0,0.0,100.0,0.0,0.0,0.0,5.0,0.0,0.0,null,14.459,0.663002073764801
551,23011501,0,20230115125906,37.3478171,127.1742585,52.0,1187.5,18.431372,13.725491,7810.0,3.58,46.666668,350.0,13.333333,0.046875,0.0,45.0,66.0,0.0,-0.0078125,0.0,0.0,100.0,0.0,0.0,0.0,5.0,0.0,0.0,null,14.459,0.45086848735809326
552,23011501,0,20230115125907,37.3477338,127.1743923,52.0,1382.0,18.431372,23.137255,7810.0,3.58,46.666668,350.0,29.411764,0.046875,0.0,59.0,66.0,0.0,-0.0078125,0.0,0.0,100.0,0.0,0.0,0.0,5.0,0.0,0.0,null,14.459,0.797085702419281
553,23011501,0,20230115125908,37.3476549,127.1745245,52.0,1469.5,18.431372,23.137255,14410.0,12.47,46.666668,350.0,29.411764,0.046875,0.0,69.0,66.0,0.0,-0.0078125,0.0,0.0,100.0,0.0,0.0,0.0,5.0,0.0,0.0,null,14.459,0.6268373727798462
554,23011501,0,20230115125909,37.3475778,127.1746585,51.0,1469.5,25.09804,19.607843,14410.0,12.47,46.666668,350.0,16.078432,0.046875,0.0,69.0,66.0,0.0,-0.0078125,0.0,0.0,100.0,0.0,0.0,0.0,5.0,0.0,0.0,null,14.459,0.9446218013763428
555,23011501,0,20230115125910,37.3475012,127.1747984,52.0,1460.0,25.09804,19.607843,14410.0,11.72,46.666668,350.0,29.411764,0.046875,0.0,81.0,66.0,0.0,-0.0078125,0.0,0.0,100.0,0.0,0.0,0.0,5.0,0.0,0.0,null,14.459,0.9103946685791016
556,23011501,0,20230115125911,37.3474297,127.1749371,52.0,1460.0,26.27451,19.607843,14500.0,12.3,46.666668,350.0,29.411764,0.046875,0.0,73.0,66.0,0.0,-0.0078125,0.0,0.0,100.0,0.0,0.0,0.0,5.0,0.0,0.0,null,14.459,0.1653858870267868
557,23011501,0,20230115125912,37.3473613,127.1750782,52.0,1468.0,26.27451,18.039215,14500.0,12.3,46.666668,350.0,20.784313,0.046875,0.0,73.0,66.0,0.0,-0.0078125,0.0,0.0,100.0,0.0,0.0,0.0,5.0,0.0,0.0,null,14.459,0.2977178692817688
558,23011501,0,20230115125913,37.3472934,127.1752249,52.0,1454.5,26.27451,18.039215,9630.0,8.38,46.666668,350.0,20.392157,0.046875,0.0,71.0,66.0,0.0,-0.0078125,0.0,0.0,100.0,0.0,0.0,0.0,5.0,0.0,0.0,null,14.459,0.26404672861099243
559,23011501,0,20230115125914,37.3472291,127.175369,52.0,1454.5,28.62745,21.960785,9630.0,13.02,46.666668,350.0,20.392157,0.046875,0.0,71.0,66.0,0.0,-0.0078125,0.0,0.0,100.0,0.0,0.0,0.0,5.0,0.0,0.0,null,14.459,0.7475342750549316
560,23011501,0,20230115125915,37.3471665,127.1755143,53.0,1475.0,28.62745,21.960785,14720.0,13.02,46.666668,350.0,31.37255,0.046875,0.0,82.0,66.0,0.0,-0.0078125,0.0,0.0,100.0,0.0,0.0,0.0,5.0,0.0,0.0,null,14.459,0.7729383707046509
561,23011501,0,20230115125916,37.3471042,127.1756648,54.0,1520.0,29.411764,21.960785,14720.0,13.05,46.666668,350.0,31.37255,0.046875,0.0,81.0,66.0,0.0,-0.0078125,0.0,0.0,100.0,0.0,0.0,0.0,5.0,0.0,0.0,null,14.459,1.0652803182601929
562,23011501,0,20230115125917,37.3470449,127.1758172,55.0,1520.0,29.411764,26.27451,19240.0,19.72,46.666668,350.0,40.39216,0.046875,0.0,81.0,66.0,0.0,-0.0078125,0.0,0.0,100.0,0.0,0.0,0.0,4.0,0.0,0.0,null,14.459,1.0870895385742188
563,23011501,0,20230115125918,37.3469882,127.175976,56.0,1557.0,29.411764,26.27451,19240.0,19.72,46.666668,350.0,42.35294,0.046875,0.0,91.0,66.0,0.0,-0.0078125,0.0,0.0,100.0,0.0,0.0,0.0,4.0,0.0,0.0,null,14.459,0.8823409676551819
564,23011501,0,20230115125919,37.3469336,127.1761409,57.0,1622.5,32.941177,25.882353,19240.0,19.88,46.666668,350.0,42.35294,0.046875,0.0,88.0,66.0,0.0,-0.0078125,0.0,0.0,100.0,0.0,0.0,0.0,4.0,0.0,0.0,null,14.459,0.7564469575881958
565,23011501,0,20230115125920,37.3468822,127.1763074,60.0,1622.5,32.941177,25.882353,20310.0,19.88,46.666668,350.0,41.568626,0.046875,0.0,88.0,67.0,0.0,-0.0078125,0.0,0.0,100.0,0.0,0.0,0.0,4.0,0.0,0.0,null,14.459,0.7085029482841492
566,23011501,0,20230115125921,37.3468318,127.1764838,61.0,1705.5,33.333332,25.882353,20310.0,20.58,46.666668,350.0,42.35294,0.046875,0.0,90.0,67.0,0.0,-0.0078125,0.0,0.0,100.0,0.0,0.0,0.0,4.0,0.0,0.0,null,14.459,1.0550684928894043
567,23011501,0,20230115125922,37.3467836,127.1766659,63.0,1705.5,33.333332,28.235294,22480.0,22.16,46.27451,350.0,42.35294,0.046875,0.0,90.0,67.0,0.0,-0.0078125,0.0,0.0,100.0,0.0,0.0,0.0,4.0,0.0,0.0,null,14.459,0.8677600026130676
568,23011501,0,20230115125923,37.3467371,127.1768581,65.0,1817.5,33.333332,28.235294,22480.0,22.16,46.27451,350.0,43.52941,0.046875,0.0,94.0,67.0,0.0,-0.0078125,0.0,0.0,100.0,0.0,0.0,0.0,3.0,0.0,0.0,null,14.459,0.7332152128219604
569,23011501,0,20230115125924,37.3466887,127.177061,67.0,1817.5,32.54902,25.882353,22480.0,19.47,46.27451,350.0,43.52941,0.046875,0.0,88.0,67.0,0.0,-0.0078125,0.0,0.0,100.0,0.0,0.0,0.0,3.0,0.0,0.0,null,14.459,1.2893468141555786
570,23011501,0,20230115125925,37.3466478,127.1772691,68.0,1483.5,32.54902,25.882353,15640.0,19.47,46.27451,350.0,34.901962,0.046875,0.0,88.0,67.0,0.0,-0.0078125,0.0,0.0,100.0,0.0,0.0,0.0,3.0,0.0,0.0,null,14.459,0.4069286286830902
571,23011501,0,20230115125926,37.3466113,127.1774785,69.0,1483.5,30.19608,25.882353,15640.0,15.83,46.27451,350.0,34.901962,0.046875,0.0,83.0,67.0,0.0,-0.0078125,0.0,0.0,100.0,0.0,0.0,0.0,3.0,0.0,0.0,null,14.53,1.040265440940857
572,23011501,0,20230115125927,37.3465783,127.1776934,70.0,1548.0,30.19608,19.215687,15640.0,15.83,46.27451,350.0,32.156864,0.015625,0.0,83.0,67.0,0.0,-0.0078125,0.0,0.0,100.0,0.0,0.0,0.0,3.0,0.0,0.0,null,14.53,0.8567691445350647
573,23011501,0,20230115125928,37.3465496,127.1779138,71.0,1564.5,30.19608,19.215687,10740.0,5.27,46.27451,350.0,32.156864,0.015625,0.0,47.0,67.0,0.0,-0.0078125,0.0,0.0,100.0,0.0,0.0,0.0,3.0,0.0,0.0,null,14.53,0.8307443261146545
574,23011501,0,20230115125929,37.3465268,127.1781354,72.0,1564.5,26.27451,20.784313,10740.0,5.27,46.27451,350.0,22.352942,0.015625,0.0,47.0,67.0,0.0,-0.0078125,0.0,0.0,100.0,0.0,0.0,0.0,3.0,0.0,0.0,null,14.53,0.8710662126541138
575,23011501,0,20230115125930,37.3465086,127.1783621,73.0,1597.0,26.27451,20.784313,10740.0,12.86,46.27451,350.0,25.490196,0.015625,0.0,79.0,67.0,0.0,-0.0078125,0.0,0.0,100.0,0.0,0.0,0.0,3.0,0.0,0.0,null,14.53,1.3112331628799438
576,23011501,0,20230115125931,37.3464948,127.1785938,74.0,1597.0,14.509804,20.784313,14400.0,10.3,46.27451,350.0,25.490196,0.015625,0.0,79.0,67.0,0.0,-0.0078125,0.0,0.0,100.0,0.0,0.0,0.0,3.0,0.0,0.0,null,14.53,1.2042135000228882
577,23011501,0,20230115125932,37.3464878,127.178826,75.0,1388.5,14.509804,20.784313,14400.0,10.3,46.27451,350.0,11.764706,0.015625,0.0,45.0,67.0,0.0,-0.0078125,0.0,0.0,100.0,0.0,0.0,0.0,3.0,0.0,0.0,null,14.53,0.8720945119857788
578,23011501,0,20230115125933,37.3464874,127.1790628,75.0,1329.0,14.509804,14.90196,8030.0,3.8,46.27451,350.0,11.764706,0.015625,0.0,26.0,67.0,0.0,-0.0078125,0.0,0.0,100.0,0.0,0.0,0.0,3.0,0.0,0.0,null,14.53,0.7877933382987976
579,23011501,0,20230115125934,37.3464912,127.1792997,75.0,1329.0,14.509804,14.117647,8030.0,3.8,46.27451,350.0,7.8431373,0.015625,0.0,26.0,67.0,0.0,-0.0078125,0.0,0.0,100.0,0.0,0.0,0.0,3.0,0.0,0.0,null,14.53,0.43771058320999146
580,23011501,0,20230115125935,37.346498,127.1795409,74.0,1288.0,14.509804,14.117647,8030.0,2.83,46.27451,350.0,5.882353,0.015625,0.0,23.0,67.0,0.0,-0.0078125,0.0,0.0,100.0,0.0,0.0,0.0,3.0,0.0,0.0,null,14.53,-0.12959931790828705
581,23011501,0,20230115125936,37.346499,127.1797875,74.0,1288.0,14.509804,14.117647,8320.0,2.86,46.27451,350.0,5.882353,0.015625,0.0,23.0,70.0,0.0,-0.0078125,0.0,0.0,100.0,0.0,0.0,0.0,4.0,0.0,0.0,null,14.53,-0.1403561532497406
582,23011501,0,20230115125937,37.3465065,127.1800287,74.0,1313.5,14.509804,14.117647,8320.0,2.86,46.27451,350.0,6.27451,0.015625,0.0,23.0,70.0,0.0,-0.0078125,0.0,0.0,100.0,0.0,0.0,0.0,4.0,0.0,0.0,null,14.53,-0.14504997432231903
583,23011501,0,20230115125938,37.3465136,127.1802655,73.0,1287.0,14.509804,13.725491,8560.0,2.75,46.27451,350.0,6.27451,0.015625,0.0,23.0,70.0,0.0,-0.0078125,0.0,0.0,100.0,0.0,0.0,0.0,4.0,0.0,0.0,null,14.53,-0.47442227602005005
584,23011501,0,20230115125939,37.3465195,127.1805022,73.0,1287.0,14.509804,13.725491,8560.0,2.75,46.27451,350.0,6.27451,0.015625,0.0,23.0,70.0,0.0,-0.0078125,0.0,0.0,100.0,0.0,0.0,0.0,4.0,0.0,0.0,null,14.53,-1.0434701442718506
585,23011501,0,20230115125940,37.3465198,127.1807346,73.0,1284.5,14.509804,13.725491,8560.0,2.72,46.27451,350.0,6.27451,0.015625,0.0,23.0,70.0,0.0,-0.0078125,0.0,0.0,100.0,0.0,0.0,0.0,4.0,0.0,0.0,null,14.53,-1.5615476369857788
586,23011501,0,20230115125941,37.3465122,127.1809668,72.0,1284.5,14.509804,13.725491,8840.0,2.72,46.27451,350.0,6.27451,0.015625,0.0,23.0,70.0,0.0,-0.0078125,0.0,0.0,100.0,0.0,0.0,0.0,5.0,0.0,0.0,null,14.53,-1.3692717552185059
587,23011501,0,20230115125942,37.3464971,127.181203,72.0,1275.5,14.509804,13.725491,8840.0,2.75,46.27451,350.0,6.27451,0.015625,0.0,23.0,70.0,0.0,-0.0078125,0.0,0.0,100.0,0.0,0.0,0.0,5.0,0.0,0.0,null,14.53,-1.3399665355682373
588,23011501,0,20230115125943,37.3464688,127.1814385,71.0,1275.5,14.509804,13.725491,9010.0,2.63,46.27451,350.0,6.27451,0.015625,0.0,23.0,70.0,0.0,-0.0078125,0.0,0.0,100.0,0.0,0.0,0.0,5.0,0.0,0.0,null,14.53,-1.440512776374817
589,23011501,0,20230115125944,37.3464382,127.1816678,71.0,1258.0,14.509804,13.725491,9010.0,2.63,46.27451,350.0,6.27451,0.015625,0.0,22.0,70.0,0.0,-0.0078125,0.0,0.0,100.0,0.0,0.0,0.0,5.0,0.0,0.0,null,14.53,-1.3621630668640137
590,23011501,0,20230115125945,37.3464015,127.181891,70.0,1240.0,14.509804,13.725491,9010.0,2.63,46.27451,350.0,6.27451,0.015625,0.0,23.0,70.0,0.0,-0.0078125,0.0,0.0,100.0,0.0,0.0,0.0,5.0,0.0,0.0,null,14.53,-1.195215106010437
591,23011501,0,20230115125946,37.3463593,127.1821081,69.0,1240.0,14.509804,13.725491,9220.0,2.63,46.27451,350.0,6.27451,0.015625,0.0,23.0,70.0,0.0,-0.0078125,0.0,0.0,100.0,0.0,0.0,0.0,5.0,0.0,0.0,null,14.53,-1.3838584423065186
592,23011501,0,20230115125947,37.346311,127.1823233,69.0,1204.0,14.509804,13.725491,9220.0,2.58,46.27451,350.0,6.27451,0.015625,0.0,22.0,70.0,0.0,-0.0078125,0.0,0.0,100.0,0.0,0.0,0.0,5.0,0.0,0.0,null,14.53,-1.829340934753418
593,23011501,0,20230115125948,37.3462582,127.1825367,67.0,1204.0,14.509804,13.725491,9360.0,2.52,46.27451,350.0,6.27451,0.015625,0.0,22.0,70.0,0.0,-0.0078125,0.0,0.0,100.0,0.0,0.0,0.0,5.0,0.0,0.0,null,14.53,-0.1787690818309784
594,23011501,0,20230115125949,37.3462042,127.1827403,66.0,1188.0,14.509804,13.725491,9360.0,2.52,46.27451,350.0,6.27451,0.015625,0.0,22.0,70.0,0.0,-0.0078125,0.0,0.0,100.0,0.0,0.0,0.0,5.0,0.0,0.0,null,14.53,-0.47199878096580505
595,23011501,0,20230115125950,37.3461484,127.1829431,65.0,1164.0,14.509804,13.333333,9360.0,2.44,46.27451,350.0,6.27451,0.015625,0.0,22.0,70.0,0.0,-0.0078125,0.0,0.0,100.0,0.0,0.0,0.0,5.0,0.0,0.0,null,14.53,0.19898279011249542
596,23011501,0,20230115125951,37.3460829,127.1831532,64.0,1164.0,14.509804,13.333333,9510.0,2.44,46.27451,350.0,6.27451,0.015625,0.0,22.0,68.0,0.0,-0.0078125,0.0,0.0,100.0,0.0,0.0,0.0,5.0,0.0,0.0,null,14.53,-0.5744162797927856
597,23011501,0,20230115125952,37.3460239,127.183345,63.0,1172.5,14.509804,13.333333,9510.0,2.36,46.27451,350.0,5.882353,0.015625,0.0,22.0,68.0,0.0,-0.0078125,0.0,0.0,100.0,0.0,0.0,0.0,5.0,0.0,0.0,null,14.53,-0.5564506649971008
598,23011501,0,20230115125953,37.3459628,127.1835307,60.0,1172.5,14.509804,14.117647,9630.0,2.86,45.882355,350.0,5.882353,0.015625,0.0,22.0,68.0,0.0,-0.0078125,0.0,0.0,100.0,0.0,0.0,0.0,5.0,0.0,0.0,null,14.53,-0.5535988211631775
599,23011501,0,20230115125954,37.3458994,127.1837153,59.0,1315.0,28.62745,14.117647,9630.0,2.86,45.882355,350.0,6.27451,0.015625,0.0,22.0,68.0,0.0,-0.0078125,0.0,0.0,100.0,0.0,0.0,0.0,5.0,0.0,0.0,null,14.53,-0.13951879739761353
600,23011501,0,20230115125955,37.3458375,127.183891,58.0,1315.0,28.62745,21.960785,9630.0,14.08,45.882355,350.0,6.27451,0.015625,0.0,86.0,68.0,0.0,-0.0078125,0.0,0.0,100.0,0.0,0.0,0.0,5.0,0.0,0.0,null,14.53,-0.7387536764144897
601,23011501,0,20230115125956,37.3457727,127.18406,59.0,1343.0,28.62745,21.960785,15930.0,14.08,45.882355,350.0,36.07843,0.015625,0.0,86.0,68.0,0.0,-0.0078125,0.0,0.0,100.0,0.0,0.0,0.0,5.0,0.0,0.0,null,14.53,-0.45960232615470886
602,23011501,0,20230115125957,37.3457055,127.1842274,59.0,1305.0,27.058823,21.960785,15930.0,11.77,45.882355,350.0,36.07843,0.015625,0.0,73.0,68.0,0.0,-0.0078125,0.0,0.0,100.0,0.0,0.0,0.0,5.0,0.0,0.0,null,14.53,-0.6187266111373901
603,23011501,0,20230115125958,37.3456353,127.1843931,58.0,1305.0,27.058823,16.470589,7870.0,11.77,45.882355,350.0,16.862745,0.0,0.0,73.0,68.0,0.0,-0.0078125,0.0,0.0,100.0,0.0,0.0,0.0,5.0,0.0,0.0,null,14.53,-1.2364747524261475
604,23011501,0,20230115125959,37.3455625,127.1845568,57.0,1258.5,27.058823,16.470589,7870.0,6.19,45.882355,350.0,14.90196,0.0,0.0,60.0,68.0,0.0,-0.0078125,0.0,0.0,100.0,0.0,0.0,0.0,5.0,0.0,0.0,null,14.53,-0.9818394184112549
605,23011501,0,20230115130000,37.3454896,127.1847154,57.0,1258.5,32.54902,30.588236,7870.0,21.86,45.882355,350.0,14.90196,0.0,0.0,60.0,68.0,0.0,-0.0078125,0.0,0.0,100.0,0.0,0.0,0.0,5.0,0.0,0.0,null,14.53,0.4652685821056366
606,23011501,0,20230115130001,37.345415,127.1848727,57.0,1643.0,32.54902,30.588236,23960.0,21.86,45.882355,350.0,43.52941,0.0,0.0,94.0,68.0,0.0,-0.0078125,0.0,0.0,100.0,0.0,0.0,0.0,4.0,0.0,0.0,null,14.53,-0.28530535101890564
607,23011501,0,20230115130002,37.3453388,127.1850288,58.0,1645.5,35.294117,30.588236,23960.0,23.08,45.882355,350.0,43.52941,0.0,0.0,98.0,68.0,0.0,-0.0078125,0.0,0.0,100.0,0.0,0.0,0.0,4.0,0.0,0.0,null,14.53,-0.036783382296562195
608,23011501,0,20230115130003,37.3452613,127.185184,59.0,1645.5,35.294117,32.54902,23960.0,23.08,45.882355,350.0,44.313725,0.0,0.0,98.0,68.0,0.0,-0.0078125,0.0,0.0,100.0,0.0,0.0,0.0,4.0,0.0,0.0,null,14.53,-0.6373504996299744
609,23011501,0,20230115130004,37.3451722,127.1853474,60.0,1682.5,35.294117,32.54902,24650.0,24.22,45.882355,350.0,45.882355,0.0,0.0,99.0,68.0,0.0,-0.0078125,0.0,0.0,100.0,0.0,0.0,0.0,4.0,0.0,0.0,null,14.53,-0.8329247236251831
610,23011501,0,20230115130005,37.3450859,127.185506,61.0,1682.5,35.294117,36.07843,24650.0,25.13,45.882355,350.0,45.882355,0.0,0.0,101.0,68.0,0.0,-0.0078125,0.0,0.0,100.0,0.0,0.0,0.0,3.0,0.0,0.0,null,14.53,-0.8491880893707275
611,23011501,0,20230115130006,37.3449942,127.1856654,62.0,1735.0,35.294117,36.07843,25660.0,25.13,45.882355,350.0,46.666668,0.0,0.0,101.0,68.0,0.0,-0.0078125,0.0,0.0,100.0,0.0,0.0,0.0,3.0,0.0,0.0,null,14.53,-0.8867806792259216
612,23011501,0,20230115130007,37.3448998,127.1858224,63.0,1785.0,35.294117,36.07843,25660.0,25.33,45.882355,350.0,46.666668,0.0,0.0,103.0,68.0,0.0,-0.0078125,0.0,0.0,100.0,0.0,0.0,0.0,3.0,0.0,0.0,null,14.53,-0.9093893766403198
613,23011501,0,20230115130008,37.344801,127.1859807,64.0,1785.0,35.294117,38.039215,27260.0,25.33,45.882355,350.0,48.235294,0.0,0.0,103.0,68.0,0.0,-0.0078125,0.0,0.0,100.0,0.0,0.0,0.0,3.0,0.0,0.0,null,14.53,-1.0073010921478271
614,23011501,0,20230115130009,37.3446997,127.1861366,65.0,1832.5,35.294117,38.039215,27260.0,27.58,45.882355,350.0,51.372547,0.0,0.0,107.0,68.0,0.0,-0.0078125,0.0,0.0,100.0,0.0,0.0,0.0,2.0,0.0,0.0,null,14.53,-0.38828492164611816
615,23011501,0,20230115130010,37.3445914,127.1862968,67.0,1832.5,35.686275,43.92157,27260.0,30.72,45.882355,350.0,51.372547,0.0,0.0,107.0,68.0,0.0,-0.0078125,0.0,0.0,100.0,0.0,0.0,0.0,2.0,0.0,0.0,null,14.53,-0.5016180872917175
616,23011501,0,20230115130011,37.344481,127.1864549,69.0,1903.0,35.686275,43.92157,25820.0,30.72,45.882355,350.0,53.72549,0.0,0.0,112.0,68.0,0.0,-0.0078125,0.0,0.0,100.0,0.0,0.0,0.0,2.0,0.0,0.0,null,14.53,-0.39083847403526306
617,23011501,0,20230115130012,37.3443635,127.1866172,69.0,1940.5,26.666666,43.92157,25820.0,19.8,45.882355,350.0,53.72549,0.0,0.0,81.0,68.0,0.0,-0.0078125,0.0,0.0,100.0,0.0,0.0,0.0,2.0,0.0,0.0,null,14.53,-0.5968995094299316
618,23011501,0,20230115130013,37.3442434,127.1867765,69.0,1940.5,26.666666,21.17647,14510.0,19.8,45.882355,350.0,24.313726,0.0,0.0,81.0,68.0,0.0,-0.0078125,0.0,0.0,100.0,0.0,0.0,0.0,2.0,0.0,0.0,null,14.53,-0.47725510597229004
619,23011501,0,20230115130014,37.3441182,127.1869359,69.0,1942.0,26.666666,21.17647,14510.0,14.19,45.882355,350.0,26.27451,0.0,0.0,78.0,68.0,0.0,-0.0078125,0.0,0.0,100.0,0.0,0.0,0.0,2.0,0.0,0.0,null,14.53,-0.6298242211341858
620,23011501,0,20230115130015,37.3439929,127.1870888,68.0,1599.5,27.058823,20.784313,14510.0,12.41,45.882355,350.0,26.27451,0.0,0.0,87.0,68.0,0.0,-0.0078125,0.0,0.0,100.0,0.0,0.0,0.0,2.0,0.0,0.0,null,14.53,-1.0274462699890137
621,23011501,0,20230115130016,37.3438651,127.1872382,69.0,1599.5,34.117645,20.784313,21410.0,12.41,45.882355,350.0,41.960785,0.0,0.0,87.0,68.0,0.0,-0.0078125,0.0,0.0,100.0,0.0,0.0,0.0,3.0,0.0,0.0,null,14.53,-0.6659093499183655
622,23011501,0,20230115130017,37.3437352,127.1873848,69.0,1535.0,34.117645,20.784313,21410.0,21.58,45.882355,350.0,37.2549,0.0,0.0,96.0,68.0,0.0,-0.0078125,0.0,0.0,100.0,0.0,0.0,0.0,2.0,0.0,0.0,null,14.53,-0.05832134187221527
623,23011501,0,20230115130018,37.3436037,127.1875293,69.0,1535.0,34.117645,19.607843,12680.0,8.52,45.882355,350.0,37.2549,0.0,0.0,78.0,68.0,0.0,-0.0078125,0.0,0.0,100.0,0.0,0.0,0.0,2.0,0.0,0.0,null,14.53,-0.6085445284843445
624,23011501,0,20230115130019,37.3434604,127.1876811,69.0,1534.5,29.411764,22.352942,12680.0,8.52,45.882355,350.0,32.156864,0.0,0.0,78.0,68.0,0.0,-0.0078125,0.0,0.0,100.0,0.0,0.0,0.0,2.0,0.0,0.0,null,14.53,-0.7845190763473511
625,23011501,0,20230115130020,37.3433227,127.1878232,69.0,1522.5,29.411764,22.352942,12680.0,13.52,45.882355,350.0,17.254902,0.0,0.0,73.0,68.0,0.0,-0.0078125,0.0,0.0,100.0,0.0,0.0,0.0,2.0,0.0,0.0,null,14.53,-0.4739288091659546
626,23011501,0,20230115130021,37.3431867,127.1879609,67.0,1522.5,14.509804,22.352942,9050.0,3.11,45.882355,350.0,17.254902,0.0,0.0,73.0,73.0,0.0,-0.0078125,0.0,0.0,100.0,0.0,0.0,0.0,2.0,0.0,0.0,null,14.53,-0.3603135049343109
627,23011501,0,20230115130022,37.3430502,127.1880976,66.0,1475.5,14.509804,14.117647,9050.0,3.11,45.882355,350.0,6.27451,0.0,0.0,20.0,73.0,0.0,-0.0078125,0.0,0.0,100.0,0.0,0.0,0.0,2.0,0.0,0.0,null,14.53,-0.012279773131012917
628,23011501,0,20230115130023,37.342916,127.188231,65.0,1451.0,14.509804,14.117647,9930.0,8.47,44.313725,350.0,6.27451,0.0,0.0,76.0,73.0,0.0,-0.0078125,0.0,0.0,100.0,0.0,0.0,0.0,2.0,0.0,0.0,null,14.53,0.25621044635772705
629,23011501,0,20230115130024,37.3427849,127.1883618,65.0,1451.0,14.509804,16.470589,9930.0,8.47,44.313725,350.0,25.882353,0.0,0.0,76.0,73.0,0.0,-0.0078125,0.0,0.0,100.0,0.0,0.0,0.0,3.0,0.0,0.0,null,14.53,-0.10810057073831558
630,23011501,0,20230115130025,37.3426564,127.1884898,64.0,1429.5,14.509804,16.470589,9930.0,7.77,44.313725,350.0,7.45098,0.0,0.0,33.0,73.0,0.0,-0.0078125,0.0,0.0,100.0,0.0,0.0,0.0,3.0,0.0,0.0,null,14.53,0.43347471952438354
631,23011501,0,20230115130026,37.3425252,127.1886206,63.0,1429.5,14.509804,16.470589,8170.0,3.05,44.313725,350.0,7.45098,0.0,0.0,23.0,73.0,0.0,-0.0078125,0.0,0.0,100.0,0.0,0.0,0.0,3.0,0.0,0.0,null,14.506,0.18294614553451538
632,23011501,0,20230115130027,37.3423969,127.1887485,62.0,1393.5,14.509804,14.117647,8170.0,3.05,44.313725,350.0,6.27451,0.0,0.0,23.0,73.0,0.0,-0.0078125,0.0,0.0,100.0,0.0,0.0,0.0,3.0,0.0,0.0,null,14.506,0.2681679129600525
633,23011501,0,20230115130028,37.3422715,127.188874,62.0,1375.5,14.509804,14.117647,10610.0,9.36,44.313725,350.0,33.333332,0.0,0.0,81.0,73.0,0.0,-0.0078125,0.0,0.0,100.0,0.0,0.0,0.0,4.0,0.0,0.0,null,14.506,0.15780043601989746
634,23011501,0,20230115130029,37.3421492,127.1889972,63.0,1375.5,32.156864,26.666666,10610.0,17.77,44.313725,350.0,33.333332,0.0,0.0,91.0,73.0,0.0,-0.0078125,0.0,0.0,100.0,0.0,0.0,0.0,4.0,0.0,0.0,null,14.506,0.10391534119844437
635,23011501,0,20230115130030,37.3420248,127.1891241,64.0,1401.5,32.156864,26.666666,14930.0,17.77,44.313725,350.0,34.901962,0.0,0.0,91.0,73.0,0.0,-0.0078125,0.0,0.0,100.0,0.0,0.0,0.0,3.0,0.0,0.0,null,14.506,0.4323294162750244
636,23011501,0,20230115130031,37.3418983,127.1892549,65.0,1459.5,29.411764,26.666666,14930.0,14.66,44.313725,350.0,30.980392,0.0,0.0,82.0,73.0,0.0,-0.0078125,0.0,0.0,100.0,0.0,0.0,0.0,3.0,0.0,0.0,null,14.506,0.32650455832481384
637,23011501,0,20230115130032,37.3417728,127.1893872,66.0,1459.5,29.411764,20.392157,10610.0,8.3,44.313725,350.0,30.980392,0.0,0.0,82.0,73.0,0.0,-0.0078125,0.0,0.0,100.0,0.0,0.0,0.0,3.0,0.0,0.0,null,14.506,-0.042456354945898056
638,23011501,0,20230115130033,37.3416459,127.1895244,66.0,1464.0,18.82353,20.392157,10610.0,8.3,44.313725,350.0,13.725491,0.0,0.0,62.0,73.0,0.0,-0.0078125,0.0,0.0,100.0,0.0,0.0,0.0,3.0,0.0,0.0,null,14.506,0.5144623517990112
639,23011501,0,20230115130034,37.3415175,127.1896662,66.0,1463.0,18.82353,16.470589,10610.0,6.66,44.313725,350.0,8.627451,0.0,0.0,40.0,73.0,0.0,-0.0078125,0.0,0.0,100.0,0.0,0.0,0.0,3.0,0.0,0.0,null,14.506,0.07168003916740417
640,23011501,0,20230115130035,37.3413927,127.1898064,65.0,1463.0,14.509804,16.470589,7940.0,3.13,44.313725,350.0,8.627451,0.0,0.0,21.0,73.0,0.0,-0.0078125,0.0,0.0,100.0,0.0,0.0,0.0,3.0,0.0,0.0,null,14.506,0.46323272585868835
641,23011501,0,20230115130036,37.3412687,127.1899478,65.0,1442.5,14.509804,14.117647,7940.0,3.13,44.313725,350.0,6.27451,0.0,0.0,21.0,73.0,0.0,-0.0078125,0.0,0.0,100.0,0.0,0.0,0.0,3.0,0.0,0.0,null,14.506,0.2632686197757721
642,23011501,0,20230115130037,37.3411456,127.1900903,64.0,1427.5,14.509804,14.117647,8340.0,3.08,44.313725,350.0,6.27451,0.0,0.0,23.0,73.0,0.0,-0.0078125,0.0,0.0,100.0,0.0,0.0,0.0,3.0,0.0,0.0,null,14.506,0.5473663806915283
643,23011501,0,20230115130038,37.3410203,127.1902454,64.0,1427.5,14.509804,14.117647,8340.0,3.0,44.313725,350.0,6.27451,0.0,0.0,23.0,73.0,0.0,-0.0078125,0.0,0.0,100.0,0.0,0.0,0.0,3.0,0.0,0.0,null,14.506,0.21881172060966492
644,23011501,0,20230115130039,37.3409023,127.1903882,61.0,1391.5,14.509804,14.117647,8640.0,3.0,44.313725,350.0,6.27451,0.0,0.0,23.0,73.0,0.0,-0.0078125,0.0,0.0,100.0,0.0,0.0,0.0,4.0,0.0,0.0,null,14.506,0.33041903376579285
645,23011501,0,20230115130040,37.3407873,127.1905284,59.0,1300.5,14.509804,14.117647,8640.0,2.88,44.313725,350.0,6.27451,0.0,0.0,23.0,73.0,0.0,-0.0078125,0.0,0.0,100.0,0.0,0.0,0.0,4.0,0.0,0.0,null,14.506,-0.46367812156677246
646,23011501,0,20230115130041,37.3406739,127.1906643,59.0,1300.5,14.509804,13.725491,8810.0,2.75,44.313725,350.0,6.27451,0.0,0.0,22.0,73.0,0.0,-0.0078125,0.0,0.0,100.0,0.0,0.0,0.0,4.0,0.0,0.0,null,14.506,-0.24932312965393066
647,23011501,0,20230115130042,37.3405649,127.1907928,58.0,1451.0,14.509804,14.509804,8810.0,2.75,44.313725,350.0,5.882353,0.0,0.0,22.0,73.0,0.0,-0.0078125,0.0,0.0,100.0,0.0,0.0,0.0,4.0,0.0,0.0,null,14.506,0.19112999737262726
648,23011501,0,20230115130043,37.3404561,127.1909216,57.0,1606.5,14.509804,14.509804,8810.0,3.47,44.313725,350.0,6.27451,0.0,0.0,23.0,73.0,0.0,-0.0078125,0.0,0.0,100.0,0.0,0.0,0.0,4.0,0.0,0.0,null,14.506,0.05400465056300163
649,23011501,0,20230115130044,37.3403485,127.191052,55.0,1522.5,14.509804,14.509804,9020.0,3.36,44.313725,350.0,6.27451,0.0,0.0,23.0,73.0,0.0,-0.0078125,0.0,0.0,100.0,0.0,0.0,0.0,4.0,0.0,0.0,null,14.506,0.6987919211387634
650,23011501,0,20230115130045,37.3402469,127.1911775,52.0,1522.5,14.509804,14.509804,9170.0,3.36,44.313725,350.0,6.6666665,0.0,0.0,23.0,73.0,0.0,-0.0078125,0.0,0.0,100.0,0.0,0.0,0.0,4.0,0.0,0.0,null,14.506,0.3154303729534149
651,23011501,0,20230115130046,37.3401493,127.1913013,52.0,1448.0,14.509804,14.509804,9170.0,3.05,44.313725,350.0,6.27451,0.0,0.0,23.0,73.0,0.0,-0.0078125,0.0,0.0,100.0,0.0,0.0,0.0,4.0,0.0,0.0,null,14.506,-0.19859658181667328
652,23011501,0,20230115130047,37.3400548,127.1914228,50.0,1448.0,14.509804,14.117647,9170.0,3.11,44.313725,350.0,6.27451,0.0,0.0,23.0,73.0,0.0,-0.0078125,0.0,0.0,100.0,0.0,0.0,0.0,4.0,0.0,0.0,null,14.506,-1.6190141439437866
653,23011501,0,20230115130048,37.3399622,127.191534,45.0,1380.0,14.509804,14.117647,9360.0,3.11,44.313725,350.0,6.27451,0.0,0.0,23.0,71.0,0.0,-0.0078125,0.0,0.0,100.0,0.0,0.0,0.0,4.0,0.0,0.0,null,14.506,-2.4493205547332764
654,23011501,0,20230115130049,37.3398662,127.1916338,44.0,1265.0,14.509804,14.117647,9360.0,2.75,44.313725,350.0,5.882353,0.0,0.0,23.0,71.0,0.0,-0.0078125,0.0,0.0,100.0,0.0,0.0,0.0,4.0,0.0,0.0,null,14.506,-2.678285837173462
655,23011501,0,20230115130050,37.3397727,127.1917153,42.0,1265.0,14.509804,14.117647,9480.0,3.13,45.098038,350.0,5.882353,0.0,0.0,22.0,71.0,0.0,-0.0078125,0.0,0.0,100.0,0.0,0.0,0.0,4.0,0.0,0.0,null,14.506,-4.933873653411865
656,23011501,0,20230115130051,37.3396741,127.1917772,40.0,1449.0,14.509804,14.117647,9480.0,3.13,45.098038,350.0,6.27451,0.0,0.0,22.0,71.0,0.0,-0.0078125,0.0,0.0,100.0,0.0,0.0,0.0,4.0,0.0,0.0,null,14.506,-6.940666198730469
657,23011501,0,20230115130052,37.3395707,127.19181,37.0,1317.5,14.509804,14.90196,9480.0,5.69,45.098038,350.0,6.27451,0.0,0.0,42.0,71.0,0.0,-0.0078125,0.0,0.0,100.0,0.0,0.0,0.0,4.0,0.0,0.0,null,14.506,-7.018211841583252
658,23011501,0,20230115130053,37.3394713,127.1918143,36.0,1317.5,27.450981,14.90196,11330.0,9.55,45.098038,350.0,13.333333,0.0,0.0,42.0,71.0,0.0,-0.0078125,0.0,0.0,100.0,0.0,0.0,0.0,5.0,0.0,0.0,null,14.459,-7.875342845916748
659,23011501,0,20230115130054,37.3393776,127.1917887,36.0,1284.5,27.450981,22.745098,11330.0,9.55,45.098038,350.0,29.411764,0.0,0.0,87.0,71.0,0.0,-0.0078125,0.0,0.0,100.0,0.0,0.0,0.0,5.0,0.0,0.0,null,14.459,-7.452086448669434
660,23011501,0,20230115130055,37.3392912,127.1917364,36.0,1496.0,27.450981,22.745098,14380.0,12.83,45.098038,350.0,29.411764,0.0546875,0.0,84.0,71.0,0.0,-0.0078125,0.0,0.0,100.0,0.0,0.0,0.0,5.0,0.0,0.0,null,14.459,-7.8260498046875
661,23011501,0,20230115130056,37.3392187,127.1916749,36.0,1496.0,27.450981,20.392157,14380.0,12.72,45.098038,350.0,33.72549,0.0546875,0.0,84.0,71.0,0.0,-0.0078125,0.0,0.0,100.0,0.0,0.0,0.0,4.0,0.0,0.0,null,14.459,-7.948342323303223
662,23011501,0,20230115130057,37.3391633,127.1915824,35.0,1440.0,27.450981,20.392157,13910.0,12.72,45.098038,350.0,25.490196,0.0546875,0.0,72.0,71.0,0.0,-0.0078125,0.0,0.0,100.0,0.0,0.0,0.0,4.0,0.0,0.0,null,14.459,-7.53061580657959
663,23011501,0,20230115130058,37.3391267,127.1914762,35.0,1411.5,26.666666,20.392157,13910.0,12.66,45.098038,350.0,25.490196,0.0546875,0.0,79.0,71.0,0.0,-0.0078125,0.0,0.0,100.0,0.0,0.0,0.0,4.0,0.0,0.0,null,14.459,-5.223128318786621
664,23011501,0,20230115130059,37.3391055,127.191368,34.0,1411.5,26.666666,25.09804,17470.0,12.66,45.098038,350.0,34.509804,0.0546875,0.0,79.0,71.0,0.0,-0.0078125,0.0,0.0,100.0,0.0,0.0,0.0,4.0,0.0,0.0,null,14.459,-3.804900884628296
665,23011501,0,20230115130100,37.3390955,127.1912572,35.0,1851.0,26.666666,25.09804,17470.0,19.0,45.098038,350.0,34.509804,0.0546875,0.0,80.0,71.0,0.0,-0.0078125,0.0,0.0,100.0,0.0,0.0,0.0,3.0,0.0,0.0,null,14.459,-3.5795371532440186
666,23011501,0,20230115130101,37.3390956,127.1911459,36.0,1937.0,33.333332,28.235294,17470.0,22.44,45.098038,350.0,34.509804,0.0546875,0.0,92.0,71.0,0.0,-0.0078125,0.0,0.0,100.0,0.0,0.0,0.0,3.0,0.0,0.0,null,14.459,-3.5469298362731934
667,23011501,0,20230115130102,37.3391063,127.1910308,38.0,1937.0,33.333332,28.235294,22810.0,22.44,45.098038,350.0,40.0,0.0546875,0.0,92.0,71.0,0.0,-0.0078125,0.0,0.0,100.0,0.0,0.0,0.0,3.0,0.0,0.0,null,14.459,-4.317514896392822
668,23011501,0,20230115130103,37.3391298,127.1909142,40.0,2070.5,33.333332,28.235294,22810.0,24.97,45.098038,350.0,41.960785,0.0546875,0.0,95.0,71.0,0.0,-0.0078125,0.0,0.0,100.0,0.0,0.0,0.0,3.0,0.0,0.0,null,14.459,-5.140208721160889
669,23011501,0,20230115130104,37.3391678,127.1907988,41.0,2182.0,33.333332,30.980392,22900.0,27.19,45.098038,350.0,41.960785,0.0546875,0.0,90.0,71.0,0.0,-0.0078125,0.0,0.0,100.0,0.0,0.0,0.0,3.0,0.0,0.0,null,14.459,-5.4271087646484375
670,23011501,0,20230115130105,37.3392238,127.1906851,40.0,2182.0,14.509804,17.254902,22900.0,27.19,45.098038,350.0,31.37255,0.0546875,0.0,90.0,71.0,0.0,-0.0078125,0.0,0.0,100.0,0.0,0.0,0.0,2.0,0.0,0.0,null,14.459,-4.996676921844482
671,23011501,0,20230115130106,37.3392911,127.1905872,38.0,1576.5,14.509804,17.254902,22900.0,6.25,45.098038,350.0,18.82353,0.0546875,0.0,69.0,71.0,0.0,-0.0078125,0.0,0.0,100.0,0.0,0.0,0.0,2.0,0.0,0.0,null,14.459,-4.727535724639893
672,23011501,0,20230115130107,37.3393686,127.190502,34.0,1576.5,14.509804,17.254902,8100.0,3.11,45.098038,350.0,18.82353,0.0546875,0.0,69.0,71.0,0.0,-0.0078125,0.0,0.0,100.0,0.0,0.0,0.0,2.0,0.0,0.0,null,14.459,-5.279313087463379
673,23011501,0,20230115130108,37.3394466,127.1904399,32.0,1365.0,14.509804,21.960785,8100.0,3.11,45.098038,350.0,22.745098,0.0546875,0.0,29.0,71.0,0.0,-0.0078125,0.0,0.0,100.0,0.0,0.0,0.0,3.0,0.0,0.0,null,14.459,-6.735385417938232
674,23011501,0,20230115130109,37.3395293,127.1903991,33.0,1823.5,14.509804,21.960785,15590.0,16.41,45.098038,350.0,28.235294,0.0546875,0.0,81.0,71.0,0.0,-0.0078125,0.0,0.0,100.0,0.0,0.0,0.0,3.0,0.0,0.0,null,14.459,-7.346579551696777
675,23011501,0,20230115130110,37.3396134,127.1903826,31.0,1823.5,14.509804,15.294118,15590.0,4.36,45.098038,350.0,28.235294,0.0546875,0.0,21.0,71.0,0.0,-0.0078125,0.0,0.0,100.0,0.0,0.0,0.0,3.0,0.0,0.0,null,14.459,-7.648974418640137
676,23011501,0,20230115130111,37.3396949,127.1903902,29.0,1619.5,14.509804,15.294118,8410.0,4.36,45.098038,350.0,6.27451,0.0546875,0.0,21.0,71.0,0.0,-0.0078125,0.0,0.0,100.0,0.0,0.0,0.0,2.0,0.0,0.0,null,14.459,-7.669683933258057
677,23011501,0,20230115130112,37.3397697,127.1904188,30.0,1722.0,25.882353,15.294118,8410.0,10.25,45.098038,350.0,17.647058,0.0546875,0.0,68.0,71.0,0.0,-0.0078125,0.0,0.0,100.0,0.0,0.0,0.0,2.0,0.0,0.0,null,14.459,-7.032782077789307
678,23011501,0,20230115130113,37.3398379,127.1904664,30.0,1722.0,25.882353,16.470589,8450.0,4.83,45.098038,350.0,17.647058,0.0546875,0.0,29.0,71.0,0.0,-0.0078125,0.0,0.0,100.0,0.0,0.0,0.0,3.0,0.0,0.0,null,14.459,-7.022224426269531
679,23011501,0,20230115130114,37.3398998,127.1905333,31.0,1646.0,28.235294,16.470589,8450.0,4.83,45.098038,350.0,16.862745,0.0546875,0.0,29.0,71.0,0.0,-0.0078125,0.0,0.0,100.0,0.0,0.0,0.0,3.0,0.0,0.0,null,14.459,-7.413883209228516
680,23011501,0,20230115130115,37.339947,127.1906112,34.0,1914.5,28.235294,21.960785,8450.0,14.66,45.098038,350.0,34.117645,0.0546875,0.0,83.0,71.0,0.0,-0.0078125,0.0,0.0,100.0,0.0,0.0,0.0,3.0,0.0,0.0,null,14.459,-7.093314170837402
681,23011501,0,20230115130116,37.3399822,127.1907085,39.0,1914.5,32.941177,21.960785,17500.0,20.27,45.098038,350.0,34.117645,0.0546875,0.0,83.0,74.0,0.0,-0.0078125,0.0,0.0,100.0,0.0,0.0,0.0,3.0,0.0,0.0,null,14.459,-5.002552032470703
682,23011501,0,20230115130117,37.3400059,127.1908205,42.0,1679.0,32.941177,33.72549,17500.0,20.27,45.098038,350.0,40.39216,0.0546875,0.0,90.0,74.0,0.0,-0.0078125,0.0,0.0,100.0,0.0,0.0,0.0,3.0,0.0,0.0,null,14.459,-2.4207992553710938
683,23011501,0,20230115130118,37.3400223,127.1909481,46.0,1620.5,32.941177,33.72549,22460.0,23.69,39.215687,350.0,41.960785,0.0546875,0.0,99.0,74.0,0.0,-0.0078125,0.0,0.0,100.0,0.0,0.0,0.0,3.0,0.0,0.0,null,14.459,-0.4240453243255615
684,23011501,0,20230115130119,37.3400381,127.191085,51.0,1620.5,34.901962,38.039215,22460.0,25.05,39.215687,350.0,41.960785,0.0546875,0.0,99.0,74.0,0.0,-0.0078125,0.0,0.0,100.0,0.0,0.0,0.0,3.0,0.0,0.0,null,14.459,-0.8253121376037598
685,23011501,0,20230115130120,37.3400566,127.1912395,54.0,1787.0,34.901962,38.039215,26770.0,25.05,39.215687,350.0,41.960785,0.0546875,0.0,97.0,74.0,0.0,-0.0078125,0.0,0.0,100.0,0.0,0.0,0.0,2.0,0.0,0.0,null,14.459,-1.5711625814437866
686,23011501,0,20230115130121,37.3400768,127.1914027,58.0,2032.0,34.901962,38.039215,26770.0,27.97,39.215687,350.0,41.960785,0.0546875,0.0,101.0,74.0,0.0,-0.0078125,0.0,0.0,100.0,0.0,0.0,0.0,2.0,0.0,0.0,null,14.483,-0.1920880228281021
687,23011501,0,20230115130122,37.3400995,127.191579,63.0,2032.0,34.901962,32.941177,26770.0,27.97,39.215687,350.0,46.27451,-0.0078125,0.0,101.0,74.0,0.0,-0.0078125,0.0,0.0,100.0,0.0,0.0,0.0,2.0,0.0,0.0,null,14.483,-0.4178301692008972
688,23011501,0,20230115130123,37.3401176,127.1917777,65.0,1807.0,34.901962,32.941177,20870.0,22.33,39.215687,350.0,20.392157,-0.0078125,0.0,86.0,74.0,0.0,-0.0078125,0.0,0.0,100.0,0.0,0.0,0.0,2.0,0.0,0.0,null,14.483,-1.0331687927246094
689,23011501,0,20230115130124,37.3401423,127.1919809,66.0,1807.0,21.960785,18.039215,20870.0,8.44,39.215687,350.0,20.392157,-0.0078125,0.0,86.0,74.0,0.0,-0.0078125,0.0,0.0,100.0,0.0,0.0,0.0,2.0,0.0,0.0,null,14.483,-0.13172896206378937
690,23011501,0,20230115130125,37.3401668,127.1921841,67.0,1803.0,21.960785,18.039215,8070.0,8.44,39.215687,350.0,18.039215,-0.0078125,0.0,53.0,74.0,0.0,-0.0078125,0.0,0.0,100.0,0.0,0.0,0.0,2.0,0.0,0.0,null,14.483,0.3332444429397583
691,23011501,0,20230115130126,37.3401941,127.1923959,68.0,1497.5,14.509804,18.039215,8070.0,3.94,39.215687,350.0,18.039215,-0.0078125,0.0,25.0,74.0,0.0,-0.0078125,0.0,0.0,100.0,0.0,0.0,0.0,2.0,0.0,0.0,null,14.483,0.6455792784690857
692,23011501,0,20230115130127,37.3402245,127.1926117,68.0,1497.5,14.509804,14.509804,7890.0,3.13,39.215687,350.0,7.8431373,-0.0078125,0.0,25.0,74.0,0.0,-0.0078125,0.0,0.0,100.0,0.0,0.0,0.0,2.0,0.0,0.0,null,14.483,0.5483394265174866
693,23011501,0,20230115130128,37.3402578,127.1928268,68.0,1501.0,14.509804,14.509804,7890.0,3.13,39.215687,350.0,6.27451,-0.0078125,0.0,21.0,74.0,0.0,-0.0078125,0.0,0.0,100.0,0.0,0.0,0.0,2.0,0.0,0.0,null,14.483,0.8255878686904907
694,23011501,0,20230115130129,37.3402938,127.1930413,68.0,1501.0,14.509804,14.509804,7890.0,3.27,39.215687,350.0,6.27451,-0.0078125,0.0,23.0,74.0,0.0,-0.0078125,0.0,0.0,100.0,0.0,0.0,0.0,2.0,0.0,0.0,null,14.483,0.45216605067253113
695,23011501,0,20230115130130,37.3403319,127.1932552,68.0,1505.5,14.509804,14.509804,8630.0,3.27,39.215687,350.0,6.27451,-0.0078125,0.0,23.0,76.0,0.0,-0.0078125,0.0,0.0,100.0,0.0,0.0,0.0,3.0,0.0,0.0,null,14.483,0.4337739944458008
696,23011501,0,20230115130131,37.3403767,127.1934741,68.0,1502.0,14.509804,14.509804,8630.0,3.22,39.215687,350.0,6.27451,-0.0078125,0.0,23.0,76.0,0.0,-0.0078125,0.0,0.0,100.0,0.0,0.0,0.0,3.0,0.0,0.0,null,14.483,0.4927813410758972
697,23011501,0,20230115130132,37.3404199,127.1936911,68.0,1502.0,14.509804,14.117647,8860.0,3.16,39.215687,350.0,6.27451,-0.0078125,0.0,23.0,76.0,0.0,-0.0078125,0.0,0.0,100.0,0.0,0.0,0.0,3.0,0.0,0.0,null,14.483,0.6391692757606506
698,23011501,0,20230115130133,37.3404636,127.1938988,68.0,1497.5,14.509804,14.117647,8860.0,3.16,39.215687,350.0,6.27451,-0.0078125,0.0,23.0,76.0,0.0,-0.0078125,0.0,0.0,100.0,0.0,0.0,0.0,3.0,0.0,0.0,null,14.483,0.5099645256996155
699,23011501,0,20230115130134,37.3405118,127.1941141,68.0,1501.5,14.509804,14.509804,8860.0,3.19,39.215687,350.0,6.27451,-0.0078125,0.0,23.0,76.0,0.0,-0.0078125,0.0,0.0,100.0,0.0,0.0,0.0,3.0,0.0,0.0,null,14.483,0.49486464262008667
700,23011501,0,20230115130135,37.3405617,127.1943244,68.0,1501.5,14.509804,14.509804,9210.0,3.19,39.215687,350.0,6.27451,-0.0078125,0.0,23.0,76.0,0.0,-0.0078125,0.0,0.0,100.0,0.0,0.0,0.0,3.0,0.0,0.0,null,14.483,0.6478021740913391
701,23011501,0,20230115130136,37.3406141,127.1945335,68.0,1507.0,14.509804,14.509804,9210.0,3.22,39.215687,350.0,6.27451,-0.0078125,0.0,23.0,76.0,0.0,-0.0078125,0.0,0.0,100.0,0.0,0.0,0.0,3.0,0.0,0.0,null,14.483,0.6856366395950317
702,23011501,0,20230115130137,37.3406695,127.1947415,69.0,1507.0,14.509804,14.509804,9430.0,3.25,39.215687,350.0,6.27451,-0.0078125,0.0,23.0,76.0,0.0,-0.0078125,0.0,0.0,100.0,0.0,0.0,0.0,4.0,0.0,0.0,null,14.483,0.5806572437286377
703,23011501,0,20230115130138,37.3407276,127.1949484,70.0,1517.5,14.509804,14.509804,9430.0,3.25,39.215687,350.0,15.686275,-0.0078125,0.0,23.0,76.0,0.0,-0.0078125,0.0,0.0,100.0,0.0,0.0,0.0,4.0,0.0,0.0,null,14.483,1.0823731422424316
704,23011501,0,20230115130139,37.3407898,127.1951534,71.0,1603.0,30.980392,25.09804,9430.0,18.69,39.215687,350.0,15.686275,-0.0078125,0.0,88.0,76.0,0.0,-0.0078125,0.0,0.0,100.0,0.0,0.0,0.0,4.0,0.0,0.0,null,14.483,1.0458041429519653
705,23011501,0,20230115130140,37.3408669,127.195373,74.0,1603.0,30.980392,25.09804,23450.0,18.69,39.215687,350.0,39.60784,-0.0078125,0.0,88.0,76.0,0.0,-0.0078125,0.0,0.0,100.0,0.0,0.0,0.0,4.0,0.0,0.0,null,14.483,0.24214483797550201
706,23011501,0,20230115130141,37.3409422,127.1955858,77.0,1696.5,34.509804,25.09804,23450.0,23.0,39.215687,350.0,42.7451,-0.0078125,0.0,96.0,76.0,0.0,-0.0078125,0.0,0.0,100.0,0.0,0.0,0.0,4.0,0.0,0.0,null,14.483,-0.10807850956916809
707,23011501,0,20230115130142,37.3410203,127.195807,80.0,1696.5,34.509804,32.156864,25140.0,24.36,39.215687,350.0,42.7451,-0.0078125,0.0,96.0,76.0,0.0,-0.0078125,0.0,0.0,100.0,0.0,0.0,0.0,3.0,0.0,0.0,null,14.483,-0.03726542368531227
708,23011501,0,20230115130143,37.3410993,127.1960327,82.0,1789.5,34.509804,32.156864,25140.0,24.36,39.215687,350.0,43.52941,-0.0078125,0.0,99.0,76.0,0.0,-0.0078125,0.0,0.0,100.0,0.0,0.0,0.0,3.0,0.0,0.0,null,14.483,0.43487274646759033
709,23011501,0,20230115130144,37.341184,127.1962697,85.0,1647.0,32.941177,32.156864,25140.0,25.08,39.215687,350.0,43.52941,-0.0078125,0.0,98.0,76.0,0.0,-0.0078125,0.0,0.0,100.0,0.0,0.0,0.0,3.0,0.0,0.0,null,14.483,0.4421396255493164
710,23011501,0,20230115130145,37.3412742,127.1965133,86.0,1647.0,32.941177,32.156864,13800.0,25.08,39.215687,350.0,41.960785,-0.0078125,0.0,98.0,75.0,0.0,-0.0078125,0.0,0.0,100.0,0.0,0.0,0.0,2.0,0.0,0.0,null,14.483,0.5177985429763794
711,23011501,0,20230115130146,37.3413686,127.1967595,86.0,1494.0,14.509804,32.156864,13800.0,3.3,39.215687,350.0,5.882353,-0.0078125,0.0,20.0,75.0,0.0,-0.0078125,0.0,0.0,100.0,0.0,0.0,0.0,2.0,0.0,0.0,null,14.483,0.17411668598651886
712,23011501,0,20230115130147,37.3414667,127.1970085,86.0,1494.0,14.509804,14.117647,10650.0,3.08,41.568626,350.0,5.882353,-0.0078125,0.0,20.0,75.0,0.0,-0.0078125,0.0,0.0,100.0,0.0,0.0,0.0,2.0,0.0,0.0,null,14.483,-0.17581389844417572
713,23011501,0,20230115130148,37.3415663,127.1972566,86.0,1529.0,14.509804,14.117647,10650.0,3.08,41.568626,350.0,6.27451,-0.0078125,0.0,22.0,75.0,0.0,-0.0078125,0.0,0.0,100.0,0.0,0.0,0.0,3.0,0.0,0.0,null,14.483,-0.02724231593310833
714,23011501,0,20230115130149,37.3416712,127.1975148,86.0,1529.0,14.509804,14.117647,10650.0,3.22,41.568626,350.0,6.27451,-0.0078125,0.0,23.0,75.0,0.0,-0.0078125,0.0,0.0,100.0,0.0,0.0,0.0,3.0,0.0,0.0,null,14.483,-0.22793041169643402
715,23011501,0,20230115130150,37.3417702,127.1977632,85.0,1500.0,14.509804,14.117647,11130.0,3.22,41.568626,350.0,6.27451,-0.0078125,0.0,23.0,75.0,0.0,-0.0078125,0.0,0.0,100.0,0.0,0.0,0.0,3.0,0.0,0.0,null,14.483,-0.2503959834575653
716,23011501,0,20230115130151,37.3418688,127.1980119,85.0,1509.0,14.509804,14.117647,11130.0,3.22,41.568626,350.0,6.27451,-0.0078125,0.0,23.0,75.0,0.0,-0.0078125,0.0,0.0,100.0,0.0,0.0,0.0,3.0,0.0,0.0,null,14.483,0.06579074263572693
717,23011501,0,20230115130152,37.3419666,127.1982561,84.0,1509.0,14.509804,14.117647,11380.0,3.11,41.568626,350.0,6.27451,0.0,0.0,23.0,75.0,0.0,-0.0078125,0.0,0.0,100.0,0.0,0.0,0.0,3.0,0.0,0.0,null,14.483,-0.010024487972259521
718,23011501,0,20230115130153,37.3420626,127.1984962,83.0,1475.5,14.509804,14.117647,11380.0,3.11,41.568626,350.0,6.27451,0.0,0.0,23.0,75.0,0.0,-0.0078125,0.0,0.0,100.0,0.0,0.0,0.0,3.0,0.0,0.0,null,14.483,0.10766670107841492
719,23011501,0,20230115130154,37.3421589,127.1987362,82.0,1441.0,14.509804,14.117647,11380.0,3.13,41.568626,350.0,6.27451,0.0,0.0,23.0,75.0,0.0,-0.0078125,0.0,0.0,100.0,0.0,0.0,0.0,3.0,0.0,0.0,null,14.483,-0.05329397693276405
720,23011501,0,20230115130155,37.3422535,127.1989722,81.0,1441.0,14.509804,14.117647,11670.0,3.13,41.568626,350.0,6.27451,0.0,0.0,23.0,75.0,0.0,-0.0078125,0.0,0.0,100.0,0.0,0.0,0.0,4.0,0.0,0.0,null,14.483,-0.03482552617788315
721,23011501,0,20230115130156,37.3423479,127.1992083,79.0,1414.0,14.509804,14.117647,11670.0,3.08,41.568626,350.0,6.27451,0.0,0.0,23.0,75.0,0.0,-0.0078125,0.0,0.0,100.0,0.0,0.0,0.0,4.0,0.0,0.0,null,14.483,-0.2633349597454071
722,23011501,0,20230115130157,37.3424389,127.1994364,78.0,1371.0,14.509804,14.117647,11830.0,3.02,41.568626,350.0,6.27451,0.0,0.0,23.0,75.0,0.0,-0.0078125,0.0,0.0,100.0,0.0,0.0,0.0,4.0,0.0,0.0,null,14.483,0.08462405204772949
723,23011501,0,20230115130158,37.3425285,127.1996604,76.0,1371.0,14.509804,14.117647,11830.0,2.86,41.568626,350.0,6.27451,0.0,0.0,23.0,75.0,0.0,-0.0078125,0.0,0.0,100.0,0.0,0.0,0.0,4.0,0.0,0.0,null,14.483,0.3759159743785858
724,23011501,0,20230115130159,37.3426222,127.1998953,74.0,1321.0,14.509804,14.117647,12040.0,2.86,41.568626,350.0,6.27451,0.0,0.0,23.0,75.0,0.0,-0.0078125,0.0,0.0,100.0,0.0,0.0,0.0,4.0,0.0,0.0,null,14.483,-0.5748524069786072
725,23011501,0,20230115130200,37.342709,127.2001111,72.0,1266.5,14.509804,14.117647,12040.0,2.75,41.568626,350.0,6.27451,0.0,0.0,23.0,74.0,0.0,-0.0078125,0.0,0.0,100.0,0.0,0.0,0.0,4.0,0.0,0.0,null,14.483,-0.25660574436187744
726,23011501,0,20230115130201,37.3427927,127.2003189,70.0,1266.5,14.509804,13.725491,12180.0,2.75,41.568626,350.0,6.27451,0.0,0.0,23.0,74.0,0.0,-0.0078125,0.0,0.0,100.0,0.0,0.0,0.0,4.0,0.0,0.0,null,14.483,0.33826425671577454
727,23011501,0,20230115130202,37.3428748,127.2005225,67.0,1305.5,14.509804,13.725491,12180.0,2.69,41.568626,350.0,5.882353,0.0,0.0,22.0,74.0,0.0,-0.0078125,0.0,0.0,100.0,0.0,0.0,0.0,4.0,0.0,0.0,null,14.483,-0.1970842331647873
728,23011501,0,20230115130203,37.3429539,127.200718,66.0,1305.5,28.235294,22.352942,12180.0,16.63,41.568626,350.0,5.882353,0.0,0.0,82.0,74.0,0.0,-0.0078125,0.0,0.0,100.0,0.0,0.0,0.0,4.0,0.0,0.0,null,14.483,-0.050059229135513306
729,23011501,0,20230115130204,37.343032,127.2009089,66.0,1487.0,28.235294,22.352942,14630.0,16.63,41.568626,350.0,29.411764,0.0,0.0,82.0,74.0,0.0,-0.0078125,0.0,0.0,100.0,0.0,0.0,0.0,4.0,0.0,0.0,null,14.483,0.2664288580417633
730,23011501,0,20230115130205,37.3431093,127.2010953,66.0,1467.5,29.019608,22.352942,14630.0,14.33,41.568626,350.0,29.411764,0.0,0.0,81.0,74.0,0.0,-0.0078125,0.0,0.0,100.0,0.0,0.0,0.0,4.0,0.0,0.0,null,14.483,0.43383312225341797
731,23011501,0,20230115130206,37.3431892,127.201285,65.0,1467.5,29.019608,21.960785,14050.0,12.94,41.568626,350.0,29.019608,0.0,0.0,81.0,74.0,0.0,-0.0078125,0.0,0.0,100.0,0.0,0.0,0.0,4.0,0.0,0.0,null,14.483,0.1723521500825882
732,23011501,0,20230115130207,37.3432683,127.2014703,65.0,1446.0,27.450981,21.960785,14050.0,12.94,41.568626,350.0,23.137255,0.0,0.0,80.0,74.0,0.0,-0.0078125,0.0,0.0,100.0,0.0,0.0,0.0,3.0,0.0,0.0,null,14.483,0.28336301445961
733,23011501,0,20230115130208,37.3433484,127.2016547,65.0,1452.0,27.450981,20.784313,14050.0,11.94,41.568626,350.0,32.941177,0.0,0.0,83.0,74.0,0.0,-0.0078125,0.0,0.0,100.0,0.0,0.0,0.0,3.0,0.0,0.0,null,14.483,0.20439095795154572
734,23011501,0,20230115130209,37.3434279,127.2018347,65.0,1452.0,31.37255,20.784313,16160.0,17.33,41.568626,350.0,32.941177,0.0,0.0,88.0,74.0,0.0,-0.0078125,0.0,0.0,100.0,0.0,0.0,0.0,3.0,0.0,0.0,null,14.483,-0.04188929870724678
735,23011501,0,20230115130210,37.343508,127.2020141,65.0,1443.0,31.37255,28.62745,16160.0,17.33,41.568626,350.0,39.60784,0.0,0.0,88.0,74.0,0.0,-0.0078125,0.0,0.0,100.0,0.0,0.0,0.0,3.0,0.0,0.0,null,14.483,0.2301066815853119
736,23011501,0,20230115130211,37.3435902,127.2021972,65.0,1451.5,31.37255,28.62745,19370.0,20.52,41.568626,350.0,43.92157,0.0,0.0,95.0,74.0,0.0,-0.0078125,0.0,0.0,100.0,0.0,0.0,0.0,3.0,0.0,0.0,null,14.483,-0.09626524150371552
737,23011501,0,20230115130212,37.3436729,127.20238,66.0,1451.5,37.2549,53.333332,19370.0,26.08,41.568626,350.0,43.92157,0.0,0.0,95.0,74.0,0.0,-0.0078125,0.0,0.0,100.0,0.0,0.0,0.0,3.0,0.0,0.0,null,14.483,0.14864858984947205
738,23011501,0,20230115130213,37.3437563,127.2025623,67.0,1479.0,37.2549,53.333332,27230.0,26.08,41.568626,350.0,54.509804,0.0,0.0,119.0,74.0,0.0,-0.0078125,0.0,0.0,100.0,0.0,0.0,0.0,3.0,0.0,0.0,null,14.483,0.22112534940242767
739,23011501,0,20230115130214,37.3438423,127.2027479,69.0,1526.5,37.2549,53.333332,27230.0,29.58,41.568626,350.0,54.509804,0.0,0.0,133.0,75.0,0.0,-0.0078125,0.0,0.0,100.0,0.0,0.0,0.0,3.0,0.0,0.0,null,14.483,0.2214674949645996
740,23011501,0,20230115130215,37.3439294,127.2029327,70.0,1526.5,37.2549,72.94118,27380.0,27.97,43.137257,350.0,57.2549,0.0,0.0,133.0,75.0,0.0,-0.0078125,0.0,0.0,100.0,0.0,0.0,0.0,3.0,0.0,0.0,null,14.483,0.2214827537536621
741,23011501,0,20230115130216,37.3440213,127.2031244,71.0,1568.5,37.2549,72.94118,27380.0,27.97,43.137257,350.0,55.294117,0.0,0.0,126.0,75.0,0.0,-0.0078125,0.0,0.0,100.0,0.0,0.0,0.0,2.0,0.0,0.0,null,14.483,0.21720314025878906
742,23011501,0,20230115130217,37.3441143,127.2033154,72.0,1607.0,36.862743,70.588234,27380.0,29.16,43.137257,350.0,55.294117,0.0,0.0,125.0,75.0,0.0,-0.0078125,0.0,0.0,100.0,0.0,0.0,0.0,2.0,0.0,0.0,null,14.483,0.2630172371864319
743,23011501,0,20230115130218,37.3442121,127.2035132,74.0,1607.0,35.686275,70.588234,27510.0,28.3,43.137257,350.0,55.686275,0.0,0.0,125.0,75.0,0.0,-0.0078125,0.0,0.0,100.0,0.0,0.0,0.0,2.0,0.0,0.0,null,14.483,0.0437602773308754
744,23011501,0,20230115130219,37.3443106,127.2037105,73.0,1636.5,35.686275,70.588234,27510.0,28.3,43.137257,350.0,23.921568,0.0,0.0,102.0,75.0,0.0,-0.0078125,0.0,0.0,100.0,0.0,0.0,0.0,2.0,0.0,0.0,null,14.483,0.08771821111440659
745,23011501,0,20230115130220,37.3444107,127.2039118,73.0,1630.0,35.686275,17.254902,15550.0,12.8,43.137257,350.0,23.921568,-0.0078125,0.0,82.0,75.0,0.0,-0.0078125,0.0,0.0,100.0,0.0,0.0,0.0,2.0,0.0,0.0,null,14.483,-0.381930410861969
746,23011501,0,20230115130221,37.3445107,127.2041209,73.0,1630.0,30.980392,25.09804,15550.0,15.88,43.137257,350.0,33.72549,-0.0078125,0.0,82.0,75.0,0.0,-0.0078125,0.0,0.0,100.0,0.0,0.0,0.0,2.0,0.0,0.0,null,14.483,0.12203270196914673
747,23011501,0,20230115130222,37.3446104,127.2043226,74.0,1433.0,30.980392,25.09804,15550.0,15.88,43.137257,350.0,41.960785,-0.0078125,0.0,92.0,75.0,0.0,-0.0078125,0.0,0.0,100.0,0.0,0.0,0.0,2.0,0.0,0.0,null,14.483,0.2611435651779175
748,23011501,0,20230115130223,37.3447086,127.2045201,74.0,1433.0,33.333332,25.09804,18950.0,20.3,43.137257,350.0,41.960785,-0.0078125,0.0,97.0,75.0,0.0,-0.0078125,0.0,0.0,100.0,0.0,0.0,0.0,2.0,0.0,0.0,null,14.483,0.3756067752838135
749,23011501,0,20230115130224,37.3448094,127.204721,76.0,1420.5,33.333332,30.980392,18950.0,20.3,43.137257,350.0,43.137257,-0.0078125,0.0,97.0,75.0,0.0,-0.0078125,0.0,0.0,100.0,0.0,0.0,0.0,2.0,0.0,0.0,null,14.483,-0.003931534476578236
750,23011501,0,20230115130225,37.3449123,127.2049254,76.0,1431.5,33.333332,30.980392,19120.0,20.38,43.137257,350.0,42.7451,-0.0078125,0.0,97.0,75.0,0.0,-0.0078125,0.0,0.0,100.0,0.0,0.0,0.0,2.0,0.0,0.0,null,14.483,0.11648856848478317
751,23011501,0,20230115130226,37.3450152,127.2051301,77.0,1431.5,33.333332,30.588236,19120.0,19.86,43.137257,350.0,42.7451,-0.0078125,0.0,97.0,75.0,0.0,-0.0078125,0.0,0.0,100.0,0.0,0.0,0.0,2.0,0.0,0.0,null,14.483,0.017343973740935326
752,23011501,0,20230115130227,37.3451199,127.2053386,79.0,1400.5,33.333332,30.588236,18760.0,19.86,43.137257,350.0,43.137257,-0.0078125,0.0,98.0,75.0,0.0,-0.0078125,0.0,0.0,100.0,0.0,0.0,0.0,2.0,0.0,0.0,null,14.483,0.19672797620296478
753,23011501,0,20230115130228,37.3452266,127.2055508,80.0,1400.5,33.333332,30.588236,18760.0,20.27,43.137257,350.0,43.137257,-0.0078125,0.0,98.0,79.0,0.0,-0.0078125,0.0,0.0,100.0,0.0,0.0,0.0,2.0,0.0,0.0,null,14.483,-0.0534137561917305
754,23011501,0,20230115130229,37.3453352,127.2057667,81.0,1432.5,33.333332,23.137255,18760.0,20.27,43.137257,350.0,42.7451,-0.0078125,0.0,98.0,79.0,0.0,-0.0078125,0.0,0.0,100.0,0.0,0.0,0.0,2.0,0.0,0.0,null,14.483,-0.17975683510303497
755,23011501,0,20230115130230,37.3454453,127.2059864,81.0,1448.0,33.333332,23.137255,12790.0,6.69,43.137257,350.0,5.882353,-0.0078125,0.0,28.0,79.0,0.0,-0.0078125,0.0,0.0,100.0,0.0,0.0,0.0,2.0,0.0,0.0,null,14.483,-0.31608080863952637
756,23011501,0,20230115130231,37.3455551,127.2062064,81.0,1448.0,14.509804,13.725491,12790.0,2.83,43.137257,350.0,5.882353,-0.0078125,0.0,28.0,79.0,0.0,-0.0078125,0.0,0.0,100.0,0.0,0.0,0.0,2.0,0.0,0.0,null,14.483,0.022383367642760277
757,23011501,0,20230115130232,37.3456649,127.2064266,81.0,1430.5,14.509804,13.725491,12790.0,2.83,43.137257,350.0,5.882353,-0.0078125,0.0,22.0,79.0,0.0,-0.0078125,0.0,0.0,100.0,0.0,0.0,0.0,2.0,0.0,0.0,null,14.483,0.018479155376553535
758,23011501,0,20230115130233,37.3457747,127.2066467,81.0,1430.5,14.509804,13.725491,10790.0,3.02,43.137257,350.0,5.882353,-0.0078125,0.0,22.0,79.0,0.0,-0.0078125,0.0,0.0,100.0,0.0,0.0,0.0,2.0,0.0,0.0,null,14.483,0.11170610785484314
759,23011501,0,20230115130234,37.3458846,127.2068666,81.0,1415.0,14.509804,14.117647,10790.0,3.02,43.137257,350.0,6.27451,-0.0078125,0.0,23.0,79.0,0.0,-0.0078125,0.0,0.0,100.0,0.0,0.0,0.0,2.0,0.0,0.0,null,14.483,-0.014649640768766403
760,23011501,0,20230115130235,37.3459944,127.2070866,81.0,1419.0,14.509804,14.117647,11120.0,3.0,43.137257,350.0,6.27451,-0.0078125,0.0,23.0,79.0,0.0,-0.0078125,0.0,0.0,100.0,0.0,0.0,0.0,2.0,0.0,0.0,null,14.483,0.011239184997975826
761,23011501,0,20230115130236,37.3461016,127.2073034,81.0,1419.0,14.509804,14.117647,11120.0,3.05,43.137257,350.0,6.27451,-0.0078125,0.0,23.0,79.0,0.0,-0.0078125,0.0,0.0,100.0,0.0,0.0,0.0,3.0,0.0,0.0,null,14.483,0.2501234710216522
762,23011501,0,20230115130237,37.3462104,127.2075243,80.0,1426.0,14.509804,14.117647,11120.0,3.05,43.137257,350.0,6.27451,-0.0078125,0.0,23.0,79.0,0.0,-0.0078125,0.0,0.0,100.0,0.0,0.0,0.0,3.0,0.0,0.0,null,14.483,0.055005915462970734
763,23011501,0,20230115130238,37.3463192,127.2077452,80.0,1426.0,14.509804,14.117647,11480.0,2.97,43.137257,350.0,6.27451,-0.0078125,0.0,23.0,79.0,0.0,-0.0078125,0.0,0.0,100.0,0.0,0.0,0.0,3.0,0.0,0.0,null,14.483,-0.15971747040748596
764,23011501,0,20230115130239,37.3464282,127.2079659,80.0,1420.5,14.509804,14.117647,11480.0,2.97,43.137257,350.0,6.27451,-0.0078125,0.0,23.0,79.0,0.0,-0.0078125,0.0,0.0,100.0,0.0,0.0,0.0,3.0,0.0,0.0,null,14.483,0.012785526923835278
765,23011501,0,20230115130240,37.3465443,127.2081945,80.0,1437.0,14.509804,14.117647,11730.0,3.0,43.137257,350.0,6.27451,-0.0078125,0.0,29.0,79.0,0.0,-0.0078125,0.0,0.0,100.0,0.0,0.0,0.0,3.0,0.0,0.0,null,14.483,-0.001194607000797987
766,23011501,0,20230115130241,37.3466523,127.2084106,81.0,1437.0,25.490196,14.117647,11730.0,3.0,43.137257,350.0,13.333333,-0.0078125,0.0,29.0,79.0,0.0,-0.0078125,0.0,0.0,100.0,0.0,0.0,0.0,4.0,0.0,0.0,null,14.483,-0.2605832815170288
767,23011501,0,20230115130242,37.3467615,127.2086312,82.0,1462.0,25.490196,19.607843,11730.0,10.38,43.137257,350.0,13.333333,-0.0078125,0.0,81.0,79.0,0.0,-0.0078125,0.0,0.0,100.0,0.0,0.0,0.0,4.0,0.0,0.0,null,14.483,-0.029263030737638474
768,23011501,0,20230115130243,37.3468726,127.2088557,83.0,1462.0,25.490196,19.607843,12380.0,10.38,43.137257,350.0,21.960785,-0.0078125,0.0,81.0,78.0,0.0,-0.0078125,0.0,0.0,100.0,0.0,0.0,0.0,4.0,0.0,0.0,null,14.483,-0.037616681307554245
769,23011501,0,20230115130244,37.3469842,127.2090798,84.0,1462.0,25.882353,19.607843,12380.0,11.38,43.137257,350.0,21.960785,-0.0078125,0.0,81.0,78.0,0.0,-0.0078125,0.0,0.0,100.0,0.0,0.0,0.0,4.0,0.0,0.0,null,14.483,-0.11552909761667252
770,23011501,0,20230115130245,37.3470978,127.2093078,85.0,1501.5,25.882353,19.607843,12380.0,11.38,44.313725,350.0,22.745098,-0.0078125,0.0,81.0,78.0,0.0,-0.0078125,0.0,0.0,100.0,0.0,0.0,0.0,3.0,0.0,0.0,null,14.483,-0.03376350179314613
771,23011501,0,20230115130246,37.347213,127.2095398,86.0,1531.5,25.882353,19.607843,11950.0,10.83,44.313725,350.0,22.745098,-0.0078125,0.0,80.0,78.0,0.0,-0.0078125,0.0,0.0,100.0,0.0,0.0,0.0,3.0,0.0,0.0,null,14.483,0.13966608047485352
772,23011501,0,20230115130247,37.3473301,127.2097756,86.0,1531.5,24.313726,18.431372,11950.0,10.83,44.313725,350.0,19.215687,-0.0078125,0.0,80.0,78.0,0.0,-0.0078125,0.0,0.0,100.0,0.0,0.0,0.0,3.0,0.0,0.0,null,14.483,0.13734395802021027
773,23011501,0,20230115130248,37.3474455,127.2100074,86.0,1531.5,24.313726,18.431372,11950.0,9.3,44.313725,350.0,19.215687,-0.0078125,0.0,72.0,78.0,0.0,-0.0078125,0.0,0.0,100.0,0.0,0.0,0.0,3.0,0.0,0.0,null,14.483,-0.10284947603940964
774,23011501,0,20230115130249,37.347563,127.2102429,86.0,1531.5,24.705883,18.431372,9510.0,9.83,44.313725,350.0,19.215687,-0.0078125,0.0,72.0,78.0,0.0,-0.0078125,0.0,0.0,100.0,0.0,0.0,0.0,3.0,0.0,0.0,null,14.553,-0.19412115216255188
775,23011501,0,20230115130250,37.3476804,127.2104786,86.0,1539.0,24.705883,18.431372,9510.0,9.83,44.313725,350.0,20.0,-0.0078125,0.0,76.0,78.0,0.0,-0.0078125,0.0,0.0,100.0,0.0,0.0,0.0,3.0,0.0,0.0,null,14.553,0.05569161847233772
776,23011501,0,20230115130251,37.3477986,127.2107266,86.0,1539.0,24.705883,19.215687,10430.0,9.63,44.313725,350.0,20.0,0.03125,0.0,75.0,78.0,0.0,-0.0078125,0.0,0.0,100.0,0.0,0.0,0.0,3.0,0.0,0.0,null,14.553,0.15101152658462524
777,23011501,0,20230115130252,37.3479159,127.2109623,86.0,1527.5,14.509804,19.215687,10430.0,9.63,44.313725,350.0,20.392157,0.03125,0.0,75.0,78.0,0.0,-0.0078125,0.0,0.0,100.0,0.0,0.0,0.0,3.0,0.0,0.0,null,14.553,0.07861775904893875
778,23011501,0,20230115130253,37.3480331,127.2111981,85.0,1506.5,14.509804,15.294118,10430.0,4.8,44.313725,350.0,20.392157,0.03125,0.0,23.0,78.0,0.0,-0.0078125,0.0,0.0,100.0,0.0,0.0,0.0,3.0,0.0,0.0,null,14.553,0.0730329230427742
779,23011501,0,20230115130254,37.3481499,127.2114343,84.0,1506.5,14.509804,15.294118,8170.0,4.8,44.313725,350.0,6.27451,0.03125,0.0,23.0,78.0,0.0,-0.0078125,0.0,0.0,100.0,0.0,0.0,0.0,3.0,0.0,0.0,null,14.553,-0.03911320120096207
780,23011501,0,20230115130255,37.3482626,127.211663,83.0,1467.5,14.509804,15.294118,8170.0,3.16,44.313725,350.0,6.27451,0.03125,0.0,23.0,78.0,0.0,-0.0078125,0.0,0.0,100.0,0.0,0.0,0.0,3.0,0.0,0.0,null,14.553,0.15807124972343445
781,23011501,0,20230115130256,37.3483754,127.2118915,82.0,1467.5,14.509804,14.117647,8430.0,3.05,44.313725,350.0,6.27451,0.03125,0.0,23.0,78.0,0.0,-0.0078125,0.0,0.0,100.0,0.0,0.0,0.0,3.0,0.0,0.0,null,14.553,0.4430243670940399
782,23011501,0,20230115130257,37.3484869,127.2121157,80.0,1418.5,14.509804,14.117647,8430.0,3.05,44.313725,350.0,6.27451,0.03125,0.0,23.0,78.0,0.0,-0.0078125,0.0,0.0,100.0,0.0,0.0,0.0,3.0,0.0,0.0,null,14.553,0.1327919214963913
783,23011501,0,20230115130258,37.3485968,127.2123359,79.0,1399.5,14.509804,14.117647,8430.0,3.05,44.313725,350.0,6.27451,0.03125,0.0,23.0,78.0,0.0,-0.0078125,0.0,0.0,100.0,0.0,0.0,0.0,3.0,0.0,0.0,null,14.553,-0.27422279119491577
784,23011501,0,20230115130259,37.3487052,127.2125519,78.0,1399.5,14.509804,14.117647,8670.0,3.05,44.313725,350.0,6.27451,0.03125,0.0,23.0,78.0,0.0,-0.0078125,0.0,0.0,100.0,0.0,0.0,0.0,4.0,0.0,0.0,null,14.553,0.7674434781074524
785,23011501,0,20230115130300,37.3488117,127.212764,76.0,1357.5,14.509804,14.117647,8670.0,2.91,44.313725,350.0,6.27451,0.03125,0.0,23.0,78.0,0.0,-0.0078125,0.0,0.0,100.0,0.0,0.0,0.0,4.0,0.0,0.0,null,14.553,0.7911573052406311
786,23011501,0,20230115130301,37.3489179,127.2129765,76.0,1357.5,14.509804,16.862745,8000.0,6.36,44.313725,350.0,6.27451,0.03125,0.0,23.0,78.0,0.0,-0.0078125,0.0,0.0,100.0,0.0,0.0,0.0,4.0,0.0,0.0,null,14.553,0.0363464429974556
787,23011501,0,20230115130302,37.3490205,127.2131812,76.0,1346.5,14.509804,16.862745,8000.0,6.36,44.313725,350.0,21.568628,0.03125,0.0,65.0,78.0,0.0,-0.0078125,0.0,0.0,100.0,0.0,0.0,0.0,4.0,0.0,0.0,null,14.553,-0.1336936056613922
788,23011501,0,20230115130303,37.3491247,127.2133899,76.0,1346.5,25.882353,20.784313,8000.0,10.08,44.313725,350.0,21.568628,0.03125,0.0,85.0,78.0,0.0,-0.0078125,0.0,0.0,100.0,0.0,0.0,0.0,4.0,0.0,0.0,null,14.553,-0.1740979105234146
789,23011501,0,20230115130304,37.3492268,127.213595,76.0,1349.0,25.882353,20.784313,13900.0,10.08,44.313725,350.0,24.705883,0.03125,0.0,85.0,78.0,0.0,-0.0078125,0.0,0.0,100.0,0.0,0.0,0.0,4.0,0.0,0.0,null,14.553,-0.11516577005386353
790,23011501,0,20230115130305,37.349329,127.2138002,77.0,1360.0,27.843138,20.784313,13900.0,12.55,44.313725,350.0,24.705883,0.03125,0.0,87.0,78.0,0.0,-0.0078125,0.0,0.0,100.0,0.0,0.0,0.0,4.0,0.0,0.0,null,14.553,-0.027068577706813812
791,23011501,0,20230115130306,37.3494328,127.2140093,77.0,1360.0,27.843138,21.568628,13900.0,12.55,44.313725,350.0,28.235294,0.03125,0.0,87.0,78.0,0.0,-0.0078125,0.0,0.0,100.0,0.0,0.0,0.0,4.0,0.0,0.0,null,14.553,0.025915397331118584
792,23011501,0,20230115130307,37.3495365,127.2142185,77.0,1376.0,27.843138,21.568628,13850.0,11.94,44.313725,350.0,27.843138,0.03125,0.0,85.0,78.0,0.0,-0.0078125,0.0,0.0,100.0,0.0,0.0,0.0,4.0,0.0,0.0,null,14.553,0.13370653986930847
793,23011501,0,20230115130308,37.3496431,127.2144387,78.0,1376.0,27.843138,21.568628,13850.0,11.8,44.313725,350.0,27.843138,0.03125,0.0,85.0,78.0,0.0,-0.0078125,0.0,0.0,100.0,0.0,0.0,0.0,3.0,0.0,0.0,null,14.553,0.06295120716094971
794,23011501,0,20230115130309,37.3497485,127.214652,78.0,1390.5,27.843138,21.568628,13950.0,11.8,44.313725,350.0,28.235294,0.03125,0.0,85.0,78.0,0.0,-0.0078125,0.0,0.0,100.0,0.0,0.0,0.0,3.0,0.0,0.0,null,14.553,0.3276565670967102
795,23011501,0,20230115130310,37.3498539,127.2148653,78.0,1391.5,27.450981,21.568628,13950.0,11.75,44.313725,350.0,28.235294,0.03125,0.0,83.0,78.0,0.0,-0.0078125,0.0,0.0,100.0,0.0,0.0,0.0,3.0,0.0,0.0,null,14.553,-0.1097646951675415
796,23011501,0,20230115130311,37.3499593,127.2150785,78.0,1391.5,27.450981,14.90196,8270.0,11.75,44.313725,350.0,19.607843,0.03125,0.0,83.0,78.0,0.0,-0.0078125,0.0,0.0,100.0,0.0,0.0,0.0,3.0,0.0,0.0,null,14.553,0.2674035429954529
797,23011501,0,20230115130312,37.3500648,127.2152917,77.0,1371.0,27.450981,14.90196,8270.0,3.22,44.313725,350.0,6.27451,0.03125,0.0,21.0,78.0,0.0,-0.0078125,0.0,0.0,100.0,0.0,0.0,0.0,3.0,0.0,0.0,null,14.553,0.05694086104631424
798,23011501,0,20230115130313,37.3501707,127.2155046,75.0,1371.0,14.509804,14.117647,8270.0,2.83,44.313725,350.0,6.27451,0.03125,0.0,23.0,78.0,0.0,-0.0078125,0.0,0.0,100.0,0.0,0.0,0.0,3.0,0.0,0.0,null,14.553,-0.05099479481577873
799,23011501,0,20230115130314,37.3502748,127.2157135,74.0,1326.0,14.509804,14.117647,8530.0,2.83,44.313725,350.0,6.27451,0.03125,0.0,23.0,78.0,0.0,-0.0078125,0.0,0.0,100.0,0.0,0.0,0.0,3.0,0.0,0.0,null,14.553,-0.06241143122315407
800,23011501,0,20230115130315,37.3503752,127.2159149,73.0,1297.0,14.509804,14.117647,8530.0,2.8,44.313725,350.0,6.27451,0.03125,0.0,23.0,78.0,0.0,-0.0078125,0.0,0.0,100.0,0.0,0.0,0.0,3.0,0.0,0.0,null,14.553,-0.07150150090456009
801,23011501,0,20230115130316,37.3504757,127.216116,72.0,1297.0,14.509804,13.725491,8530.0,2.8,45.490196,350.0,6.27451,0.03125,0.0,23.0,78.0,0.0,-0.0078125,0.0,0.0,100.0,0.0,0.0,0.0,4.0,0.0,0.0,null,14.553,0.18904459476470947
802,23011501,0,20230115130317,37.350575,127.2163128,71.0,1255.5,14.509804,13.725491,8730.0,2.61,45.490196,350.0,6.27451,0.03125,0.0,23.0,78.0,0.0,-0.0078125,0.0,0.0,100.0,0.0,0.0,0.0,4.0,0.0,0.0,null,14.553,0.21530590951442719
803,23011501,0,20230115130318,37.350676,127.2165081,70.0,1255.5,14.509804,13.725491,8730.0,2.63,45.490196,350.0,6.27451,0.03125,0.0,23.0,78.0,0.0,-0.0078125,0.0,0.0,100.0,0.0,0.0,0.0,4.0,0.0,0.0,null,14.553,0.15372636914253235
804,23011501,0,20230115130319,37.3507774,127.2166977,68.0,1221.0,14.509804,13.725491,8730.0,2.63,45.490196,350.0,6.27451,0.03125,0.0,23.0,78.0,0.0,-0.0078125,0.0,0.0,100.0,0.0,0.0,0.0,4.0,0.0,0.0,null,14.553,0.47810280323028564
805,23011501,0,20230115130320,37.3508768,127.2168783,68.0,1221.0,14.509804,13.725491,8960.0,2.55,45.490196,350.0,6.27451,0.03125,0.0,23.0,78.0,0.0,-0.0078125,0.0,0.0,100.0,0.0,0.0,0.0,4.0,0.0,0.0,null,14.553,0.6236246228218079
806,23011501,0,20230115130321,37.3509783,127.2170569,66.0,1197.0,14.509804,13.333333,8960.0,2.55,45.490196,350.0,6.27451,0.0,0.0,23.0,78.0,0.0,-0.0078125,0.0,0.0,100.0,0.0,0.0,0.0,4.0,0.0,0.0,null,14.553,0.34726011753082275
807,23011501,0,20230115130322,37.3510796,127.2172301,65.0,1158.0,14.509804,13.333333,9100.0,2.47,45.490196,350.0,6.27451,0.0,0.0,23.0,78.0,0.0,-0.0078125,0.0,0.0,100.0,0.0,0.0,0.0,4.0,0.0,0.0,null,14.553,0.15167918801307678
808,23011501,0,20230115130323,37.3511826,127.2174018,62.0,1158.0,14.509804,13.333333,9100.0,2.38,45.490196,350.0,6.27451,0.0,0.0,23.0,78.0,0.0,-0.0078125,0.0,0.0,100.0,0.0,0.0,0.0,4.0,0.0,0.0,null,14.553,0.22673220932483673
809,23011501,0,20230115130324,37.3512821,127.2175654,58.0,1121.5,14.509804,13.333333,9270.0,2.38,45.490196,350.0,5.882353,0.0,0.0,23.0,78.0,0.0,-0.0078125,0.0,0.0,100.0,0.0,0.0,0.0,4.0,0.0,0.0,null,14.553,0.5619184970855713
810,23011501,0,20230115130325,37.3513769,127.2177165,57.0,1379.5,14.509804,13.333333,9270.0,2.63,45.490196,350.0,5.882353,0.0,0.0,22.0,78.0,0.0,0.0,0.0,0.0,100.0,0.0,0.0,0.0,4.0,0.0,0.0,null,14.553,0.27182886004447937
811,23011501,0,20230115130326,37.3514685,127.2178593,55.0,1379.5,14.509804,16.862745,8200.0,2.63,45.490196,350.0,5.882353,0.0,0.0,22.0,78.0,0.0,0.0,0.0,0.0,100.0,0.0,0.0,0.0,5.0,0.0,0.0,null,14.553,0.05907195433974266
812,23011501,0,20230115130327,37.3515581,127.2179984,55.0,1558.0,14.509804,16.862745,8200.0,6.72,45.490196,350.0,13.725491,0.0,0.0,40.0,78.0,0.0,0.0,0.0,0.0,100.0,0.0,0.0,0.0,4.0,0.0,0.0,null,14.553,0.22882066667079926
813,23011501,0,20230115130328,37.3516491,127.2181359,56.0,1558.0,30.980392,24.313726,8200.0,18.16,45.490196,350.0,13.725491,0.0,0.0,86.0,78.0,0.0,0.0,0.0,0.0,100.0,0.0,0.0,0.0,4.0,0.0,0.0,null,14.553,0.271854430437088
814,23011501,0,20230115130329,37.3517395,127.2182683,57.0,1571.0,30.980392,24.313726,21690.0,18.16,45.490196,350.0,37.64706,0.0,0.0,86.0,75.0,0.0,0.0,0.0,0.0,100.0,0.0,0.0,0.0,4.0,0.0,0.0,null,14.553,0.11449733376502991
815,23011501,0,20230115130330,37.3518338,127.2184024,58.0,1359.5,36.07843,24.313726,21690.0,20.58,45.490196,350.0,37.64706,0.0,0.0,106.0,75.0,0.0,0.0,0.0,0.0,100.0,0.0,0.0,0.0,4.0,0.0,0.0,null,14.553,0.5338994860649109
816,23011501,0,20230115130331,37.3519341,127.2185418,59.0,1359.5,36.07843,70.196075,21570.0,26.38,45.490196,350.0,52.941177,0.0,0.0,106.0,75.0,0.0,0.0,0.0,0.0,100.0,0.0,0.0,0.0,4.0,0.0,0.0,null,14.553,0.6281672716140747
817,23011501,0,20230115130332,37.3520332,127.2186765,60.0,1361.5,36.07843,70.196075,21570.0,26.38,45.490196,350.0,56.07843,0.0,0.0,124.0,75.0,0.0,0.0,0.0,0.0,100.0,0.0,0.0,0.0,3.0,0.0,0.0,null,14.553,0.27987733483314514
818,23011501,0,20230115130333,37.3521383,127.2188165,61.0,1361.5,27.450981,21.17647,21570.0,12.5,45.490196,350.0,56.07843,0.0,0.0,124.0,75.0,0.0,0.0,0.0,0.0,100.0,0.0,0.0,0.0,3.0,0.0,0.0,null,14.553,0.3784991204738617
819,23011501,0,20230115130334,37.352247,127.2189583,61.0,1352.0,27.450981,21.17647,12530.0,12.5,45.490196,350.0,23.529411,0.0,0.0,85.0,75.0,0.0,0.0,0.0,0.0,100.0,0.0,0.0,0.0,3.0,0.0,0.0,null,14.553,0.3843522071838379
820,23011501,0,20230115130335,37.352357,127.2190987,61.0,1343.0,26.27451,21.17647,12530.0,9.88,45.490196,350.0,23.529411,0.0,0.0,84.0,75.0,0.0,0.0,0.0,0.0,100.0,0.0,0.0,0.0,3.0,0.0,0.0,null,14.553,0.3353998064994812
821,23011501,0,20230115130336,37.3524676,127.2192384,60.0,1343.0,26.27451,17.254902,12530.0,9.88,45.490196,350.0,22.352942,0.0,0.0,84.0,75.0,0.0,0.0,0.0,0.0,100.0,0.0,0.0,0.0,3.0,0.0,0.0,null,14.553,0.06750891357660294
822,23011501,0,20230115130337,37.3525758,127.2193748,59.0,1313.0,26.27451,17.254902,7930.0,5.91,45.490196,350.0,12.156863,0.0,0.0,53.0,75.0,0.0,0.0,0.0,0.0,100.0,0.0,0.0,0.0,3.0,0.0,0.0,null,14.553,-0.7738683223724365
823,23011501,0,20230115130338,37.3526824,127.219513,58.0,1313.0,29.80392,23.137255,7930.0,13.13,45.490196,350.0,12.156863,0.0,0.0,53.0,75.0,0.0,0.0,0.0,0.0,100.0,0.0,0.0,0.0,3.0,0.0,0.0,null,14.553,-2.5859620571136475
824,23011501,0,20230115130339,37.3527778,127.2196576,58.0,1302.0,29.80392,23.137255,15500.0,13.13,45.490196,350.0,32.54902,0.0,0.0,89.0,75.0,0.0,0.0,0.0,0.0,100.0,0.0,0.0,0.0,3.0,0.0,0.0,null,14.553,-3.640216588973999
825,23011501,0,20230115130340,37.3528609,127.2198137,59.0,1313.5,29.80392,23.137255,15500.0,13.69,45.490196,350.0,32.54902,0.0,0.0,88.0,75.0,0.0,0.0,0.0,0.0,100.0,0.0,0.0,0.0,3.0,0.0,0.0,null,14.553,-2.421753168106079
826,23011501,0,20230115130341,37.3529341,127.2199775,59.0,1313.5,29.80392,21.568628,14140.0,13.69,45.490196,350.0,29.80392,0.0,0.0,88.0,75.0,0.0,0.0,0.0,0.0,100.0,0.0,0.0,0.0,3.0,0.0,0.0,null,14.553,-0.24491268396377563
827,23011501,0,20230115130342,37.3530053,127.2201428,59.0,1317.0,29.80392,21.568628,14140.0,12.0,45.490196,350.0,29.411764,0.0,0.0,86.0,75.0,0.0,0.0,0.0,0.0,100.0,0.0,0.0,0.0,3.0,0.0,0.0,null,14.553,-0.5121555924415588
828,23011501,0,20230115130343,37.3530775,127.2203124,59.0,1317.0,29.019608,21.568628,14140.0,11.77,45.490196,350.0,29.411764,0.0,0.0,86.0,75.0,0.0,0.0,0.0,0.0,100.0,0.0,0.0,0.0,3.0,0.0,0.0,null,14.553,1.040573000907898
829,23011501,0,20230115130344,37.3531516,127.2204756,59.0,1306.5,29.019608,21.568628,13370.0,11.77,45.490196,350.0,29.411764,0.0,0.0,86.0,78.0,0.0,0.0,0.0,0.0,100.0,0.0,0.0,0.0,3.0,0.0,0.0,null,14.553,2.615825891494751
830,23011501,0,20230115130345,37.3532345,127.220632,58.0,1273.0,17.254902,21.568628,13370.0,7.44,45.490196,350.0,29.411764,0.0,0.0,66.0,78.0,0.0,0.0,0.0,0.0,100.0,0.0,0.0,0.0,3.0,0.0,0.0,null,14.553,3.5853495597839355
831,23011501,0,20230115130346,37.3533272,127.2207796,57.0,1273.0,17.254902,20.0,13370.0,7.44,43.52941,350.0,13.725491,0.0,0.0,66.0,78.0,0.0,0.0,0.0,0.0,100.0,0.0,0.0,0.0,3.0,0.0,0.0,null,14.553,3.2437868118286133
832,23011501,0,20230115130347,37.3534267,127.2209137,57.0,1691.5,17.254902,20.0,14710.0,14.13,43.52941,350.0,26.666666,0.0,0.0,83.0,78.0,0.0,0.0,0.0,0.0,100.0,0.0,0.0,0.0,3.0,0.0,0.0,null,14.553,2.6053147315979004
833,23011501,0,20230115130348,37.3535349,127.2210371,57.0,1691.5,29.411764,22.745098,14710.0,14.75,43.52941,350.0,26.666666,0.0,0.0,83.0,78.0,0.0,0.0,0.0,0.0,100.0,0.0,0.0,0.0,3.0,0.0,0.0,null,14.553,2.631052017211914
834,23011501,0,20230115130349,37.3536474,127.2211469,59.0,1641.0,29.411764,22.745098,14710.0,14.75,43.52941,350.0,29.019608,0.0,0.0,84.0,78.0,0.0,0.0,0.0,0.0,100.0,0.0,0.0,0.0,3.0,0.0,0.0,null,14.553,1.7388713359832764
835,23011501,0,20230115130350,37.3537709,127.2212533,59.0,1641.0,29.019608,22.745098,15820.0,13.61,43.52941,350.0,29.019608,0.0,0.0,86.0,78.0,0.0,0.0,0.0,0.0,100.0,0.0,0.0,0.0,3.0,0.0,0.0,null,14.577,0.7184607982635498
836,23011501,0,20230115130351,37.3538965,127.221356,59.0,1363.5,29.019608,17.254902,15820.0,13.61,43.52941,350.0,26.27451,0.015625,0.0,86.0,78.0,0.0,0.0,0.0,0.0,100.0,0.0,0.0,0.0,3.0,0.0,0.0,null,14.577,0.27492883801460266
837,23011501,0,20230115130352,37.3540255,127.2214601,58.0,1297.0,29.019608,17.254902,8930.0,4.11,43.52941,350.0,26.27451,0.015625,0.0,25.0,78.0,0.0,0.0,0.0,0.0,100.0,0.0,0.0,0.0,3.0,0.0,0.0,null,14.577,-0.14199574291706085
838,23011501,0,20230115130353,37.354151,127.2215629,57.0,1297.0,14.509804,13.725491,8930.0,4.11,43.52941,350.0,6.27451,0.015625,0.0,25.0,78.0,0.0,0.0,0.0,0.0,100.0,0.0,0.0,0.0,3.0,0.0,0.0,null,14.577,-0.3726811408996582
839,23011501,0,20230115130354,37.3542841,127.2216722,56.0,1236.5,14.509804,13.725491,8930.0,2.75,43.52941,350.0,7.0588236,0.015625,0.0,23.0,78.0,0.0,0.0,0.0,0.0,100.0,0.0,0.0,0.0,3.0,0.0,0.0,null,14.577,-0.5157871842384338
840,23011501,0,20230115130355,37.354402,127.2217732,56.0,1236.5,27.843138,13.725491,11050.0,10.41,43.52941,350.0,7.0588236,0.015625,0.0,23.0,78.0,0.0,-0.0078125,0.0,0.0,100.0,0.0,0.0,0.0,3.0,0.0,0.0,null,14.577,-1.2652069330215454
841,23011501,0,20230115130356,37.3545199,127.2218817,57.0,1308.5,27.843138,23.137255,11050.0,10.41,43.52941,350.0,27.058823,0.015625,0.0,89.0,78.0,0.0,-0.0078125,0.0,0.0,100.0,0.0,0.0,0.0,4.0,0.0,0.0,null,14.577,-0.7784659266471863
842,23011501,0,20230115130357,37.3546341,127.2219962,59.0,1358.0,27.843138,23.137255,13830.0,12.25,43.52941,350.0,27.058823,0.015625,0.0,88.0,78.0,0.0,-0.0078125,0.0,0.0,100.0,0.0,0.0,0.0,4.0,0.0,0.0,null,14.577,-0.5573715567588806
843,23011501,0,20230115130358,37.354746,127.2221146,59.0,1358.0,28.235294,21.960785,13830.0,12.25,43.52941,350.0,28.235294,0.015625,0.0,88.0,78.0,0.0,-0.0078125,0.0,0.0,100.0,0.0,0.0,0.0,3.0,0.0,0.0,null,14.577,-0.9180396199226379
844,23011501,0,20230115130359,37.3548577,127.2222399,60.0,1343.5,28.235294,21.960785,13830.0,11.72,43.52941,350.0,19.215687,0.015625,0.0,87.0,78.0,0.0,-0.0078125,0.0,0.0,100.0,0.0,0.0,0.0,3.0,0.0,0.0,null,14.577,-0.9915629625320435
845,23011501,0,20230115130400,37.354969,127.2223725,61.0,1343.5,21.17647,21.960785,8720.0,5.75,43.52941,350.0,19.215687,0.015625,0.0,57.0,80.0,0.0,-0.0078125,0.0,0.0,100.0,0.0,0.0,0.0,3.0,0.0,0.0,null,14.577,-0.545744776725769
846,23011501,0,20230115130401,37.3550801,127.2225119,62.0,1360.5,21.17647,16.470589,8720.0,5.75,43.52941,350.0,13.725491,0.015625,0.0,57.0,80.0,0.0,-0.0078125,0.0,0.0,100.0,0.0,0.0,0.0,3.0,0.0,0.0,null,14.577,-0.09293489903211594
847,23011501,0,20230115130402,37.3551905,127.222652,63.0,1378.0,21.17647,16.470589,7900.0,6.27,43.52941,350.0,14.509804,0.015625,0.0,60.0,80.0,0.0,-0.0078125,0.0,0.0,100.0,0.0,0.0,0.0,3.0,0.0,0.0,null,14.577,-0.3384268283843994
848,23011501,0,20230115130403,37.3553035,127.2227952,63.0,1378.0,22.745098,16.862745,7900.0,6.63,43.52941,350.0,14.509804,0.015625,0.0,60.0,80.0,0.0,-0.0078125,0.0,0.0,100.0,0.0,0.0,0.0,3.0,0.0,0.0,null,14.577,0.25717219710350037
849,23011501,0,20230115130404,37.3554166,127.2229384,64.0,1405.0,22.745098,16.862745,7910.0,6.63,43.52941,350.0,14.90196,0.015625,0.0,62.0,80.0,0.0,-0.0078125,0.0,0.0,100.0,0.0,0.0,0.0,4.0,0.0,0.0,null,14.577,-0.44554170966148376
850,23011501,0,20230115130405,37.3555323,127.2230847,66.0,1451.5,22.745098,16.862745,7910.0,6.86,43.52941,350.0,14.90196,0.015625,0.0,63.0,80.0,0.0,-0.0078125,0.0,0.0,100.0,0.0,0.0,0.0,4.0,0.0,0.0,null,14.577,-0.06017361953854561
851,23011501,0,20230115130406,37.3556508,127.2232339,66.0,1451.5,22.745098,17.254902,7880.0,7.08,43.52941,350.0,15.294118,0.015625,0.0,63.0,80.0,0.0,-0.0078125,0.0,0.0,100.0,0.0,0.0,0.0,4.0,0.0,0.0,null,14.577,0.1892838329076767
852,23011501,0,20230115130407,37.3557692,127.2233831,68.0,1484.5,22.745098,17.254902,7880.0,7.08,43.52941,350.0,15.294118,0.015625,0.0,62.0,80.0,0.0,-0.0078125,0.0,0.0,100.0,0.0,0.0,0.0,4.0,0.0,0.0,null,14.577,-0.45319294929504395
853,23011501,0,20230115130408,37.3558902,127.2235355,69.0,1528.0,23.137255,17.254902,7880.0,7.22,43.52941,350.0,15.294118,0.015625,0.0,62.0,80.0,0.0,-0.0078125,0.0,0.0,100.0,0.0,0.0,0.0,4.0,0.0,0.0,null,14.577,-0.08221800625324249
854,23011501,0,20230115130409,37.3560139,127.223691,70.0,1528.0,23.137255,17.254902,8140.0,7.22,43.52941,350.0,15.686275,0.015625,0.0,62.0,80.0,0.0,-0.0078125,0.0,0.0,100.0,0.0,0.0,0.0,4.0,0.0,0.0,null,14.577,-0.01717742346227169
855,23011501,0,20230115130410,37.35614,127.2238499,70.0,1545.0,14.509804,17.254902,8140.0,4.66,43.52941,350.0,6.27451,0.015625,0.0,23.0,80.0,0.0,-0.0078125,0.0,0.0,100.0,0.0,0.0,0.0,4.0,0.0,0.0,null,14.577,0.018817352131009102
856,23011501,0,20230115130411,37.3562661,127.2240087,70.0,1545.0,14.509804,14.509804,8320.0,3.47,43.52941,350.0,6.27451,0.015625,0.0,23.0,80.0,0.0,-0.0078125,0.0,0.0,100.0,0.0,0.0,0.0,3.0,0.0,0.0,null,14.577,0.3535294830799103
857,23011501,0,20230115130412,37.3563923,127.2241674,70.0,1545.0,14.509804,14.509804,8320.0,3.47,43.52941,350.0,6.27451,0.015625,0.0,24.0,80.0,0.0,-0.0078125,0.0,0.0,100.0,0.0,0.0,0.0,4.0,0.0,0.0,null,14.577,0.5416817665100098
858,23011501,0,20230115130413,37.3565184,127.2243262,70.0,1562.5,14.509804,14.509804,8320.0,4.08,43.52941,350.0,6.27451,0.015625,0.0,49.0,80.0,0.0,-0.0078125,0.0,0.0,100.0,0.0,0.0,0.0,4.0,0.0,0.0,null,14.577,0.007374193519353867
859,23011501,0,20230115130414,37.3566471,127.2244881,72.0,1562.5,14.509804,14.509804,8250.0,4.08,43.52941,350.0,14.509804,0.015625,0.0,49.0,80.0,0.0,-0.0078125,0.0,0.0,100.0,0.0,0.0,0.0,4.0,0.0,0.0,null,14.577,-0.015065227635204792
860,23011501,0,20230115130415,37.3567759,127.2246498,72.0,1573.5,14.509804,14.509804,8250.0,7.02,43.52941,350.0,7.0588236,0.015625,0.0,31.0,80.0,0.0,-0.0078125,0.0,0.0,100.0,0.0,0.0,0.0,4.0,0.0,0.0,null,14.577,-0.10497031360864639
861,23011501,0,20230115130416,37.3569049,127.2248114,72.0,1573.5,14.509804,14.509804,8350.0,3.63,44.313725,350.0,7.0588236,0.015625,0.0,31.0,80.0,0.0,-0.0078125,0.0,0.0,100.0,0.0,0.0,0.0,4.0,0.0,0.0,null,14.577,-0.29199743270874023
862,23011501,0,20230115130417,37.3570366,127.2249761,72.0,1598.0,14.509804,14.509804,8350.0,3.63,44.313725,350.0,6.6666665,0.015625,0.0,23.0,80.0,0.0,-0.0078125,0.0,0.0,100.0,0.0,0.0,0.0,4.0,0.0,0.0,null,14.577,0.4060295820236206
863,23011501,0,20230115130418,37.3571684,127.2251404,72.0,1598.0,14.509804,14.509804,8350.0,3.47,44.313725,350.0,6.6666665,0.015625,0.0,23.0,80.0,0.0,-0.0078125,0.0,0.0,100.0,0.0,0.0,0.0,4.0,0.0,0.0,null,14.577,0.8828994631767273
864,23011501,0,20230115130419,37.3573001,127.225305,72.0,1585.0,14.509804,14.509804,8610.0,3.47,44.313725,350.0,6.27451,0.015625,0.0,23.0,80.0,0.0,-0.0078125,0.0,0.0,100.0,0.0,0.0,0.0,4.0,0.0,0.0,null,14.577,0.06408330053091049
865,23011501,0,20230115130420,37.357441,127.2254696,72.0,1585.0,14.509804,14.509804,8610.0,3.41,44.313725,350.0,6.27451,0.015625,0.0,23.0,80.0,0.0,-0.0078125,0.0,0.0,100.0,0.0,0.0,0.0,4.0,0.0,0.0,null,14.53,-0.047749049961566925
866,23011501,0,20230115130421,37.3575726,127.2256343,72.0,1596.5,14.509804,14.509804,8610.0,3.41,44.313725,350.0,6.6666665,0.0,0.0,23.0,80.0,0.0,-0.0078125,0.0,0.0,100.0,0.0,0.0,0.0,4.0,0.0,0.0,null,14.53,-0.12836474180221558
867,23011501,0,20230115130422,37.3577044,127.2257988,72.0,1595.0,14.509804,14.509804,8750.0,3.44,44.313725,350.0,6.6666665,0.0,0.0,23.0,80.0,0.0,-0.0078125,0.0,0.0,100.0,0.0,0.0,0.0,4.0,0.0,0.0,null,14.53,0.10320540517568588
868,23011501,0,20230115130423,37.3578363,127.2259631,72.0,1595.0,14.509804,14.509804,8750.0,3.44,44.313725,350.0,6.6666665,0.0,0.0,23.0,80.0,0.0,-0.0078125,0.0,0.0,100.0,0.0,0.0,0.0,4.0,0.0,0.0,null,14.53,0.3368312418460846
869,23011501,0,20230115130424,37.3579685,127.226127,72.0,1590.0,14.509804,14.509804,8910.0,3.44,44.313725,350.0,6.6666665,0.0,0.0,23.0,80.0,0.0,-0.0078125,0.0,0.0,100.0,0.0,0.0,0.0,4.0,0.0,0.0,null,14.53,-0.18251261115074158
870,23011501,0,20230115130425,37.358101,127.2262905,72.0,1585.0,14.509804,14.509804,8910.0,3.41,44.313725,350.0,6.6666665,0.0,0.0,23.0,80.0,0.0,-0.0078125,0.0,0.0,100.0,0.0,0.0,0.0,4.0,0.0,0.0,null,14.53,0.12768542766571045
871,23011501,0,20230115130426,37.358231,127.2264508,72.0,1585.0,14.509804,14.509804,9010.0,3.41,44.313725,350.0,6.6666665,0.0,0.0,23.0,80.0,0.0,-0.0078125,0.0,0.0,100.0,0.0,0.0,0.0,4.0,0.0,0.0,null,14.53,0.09171421825885773
872,23011501,0,20230115130427,37.3583634,127.2266145,72.0,1593.5,14.509804,14.509804,9010.0,3.5,44.313725,350.0,6.6666665,0.0,0.0,23.0,80.0,0.0,-0.0078125,0.0,0.0,100.0,0.0,0.0,0.0,4.0,0.0,0.0,null,14.53,-0.0487961620092392
873,23011501,0,20230115130428,37.3584956,127.2267784,72.0,1593.5,14.509804,14.509804,9010.0,3.5,44.313725,350.0,6.6666665,0.0,0.0,23.0,80.0,0.0,-0.0078125,0.0,0.0,100.0,0.0,0.0,0.0,4.0,0.0,0.0,null,14.53,-0.050157930701971054
874,23011501,0,20230115130429,37.3586254,127.226939,72.0,1584.5,14.509804,14.509804,9160.0,3.5,44.313725,350.0,6.6666665,0.0,0.0,24.0,80.0,0.0,-0.0078125,0.0,0.0,100.0,0.0,0.0,0.0,5.0,0.0,0.0,null,14.53,-0.13012997806072235
875,23011501,0,20230115130430,37.3587585,127.227102,72.0,1571.5,14.509804,14.509804,9160.0,3.47,44.313725,350.0,6.6666665,0.0,0.0,23.0,78.0,0.0,-0.0078125,0.0,0.0,100.0,0.0,0.0,0.0,5.0,0.0,0.0,null,14.53,0.39255601167678833
876,23011501,0,20230115130431,37.3588908,127.2272595,72.0,1571.5,14.509804,14.509804,9250.0,3.47,44.313725,350.0,6.6666665,0.0,0.0,23.0,78.0,0.0,-0.0078125,0.0,0.0,100.0,0.0,0.0,0.0,5.0,0.0,0.0,null,14.53,0.5127630233764648
877,23011501,0,20230115130432,37.3590277,127.2274174,72.0,1588.0,14.509804,14.509804,9250.0,3.36,44.313725,350.0,6.6666665,0.0,0.0,23.0,78.0,0.0,-0.0078125,0.0,0.0,100.0,0.0,0.0,0.0,5.0,0.0,0.0,null,14.53,0.9385807514190674
878,23011501,0,20230115130433,37.3591673,127.2275716,72.0,1588.0,14.509804,16.078432,9250.0,3.63,44.313725,350.0,6.6666665,0.0,0.0,23.0,78.0,0.0,-0.0078125,0.0,0.0,100.0,0.0,0.0,0.0,5.0,0.0,0.0,null,14.53,1.171228051185608
879,23011501,0,20230115130434,37.3593073,127.2277184,73.0,1600.5,14.509804,16.078432,9250.0,3.63,44.313725,350.0,14.117647,0.0,0.0,49.0,78.0,0.0,-0.0078125,0.0,0.0,100.0,0.0,0.0,0.0,5.0,0.0,0.0,null,14.53,0.8036040663719177
880,23011501,0,20230115130435,37.3594528,127.2278635,74.0,1638.5,19.215687,16.078432,8420.0,7.72,44.313725,350.0,14.117647,0.0,0.0,44.0,78.0,0.0,-0.0078125,0.0,0.0,100.0,0.0,0.0,0.0,5.0,0.0,0.0,null,14.53,0.4431973695755005
881,23011501,0,20230115130436,37.3596035,127.2280079,74.0,1638.5,19.215687,15.294118,8420.0,7.72,44.313725,350.0,11.372549,0.0,0.0,44.0,78.0,0.0,-0.0078125,0.0,0.0,100.0,0.0,0.0,0.0,4.0,0.0,0.0,null,14.53,0.7542802095413208
882,23011501,0,20230115130437,37.3597569,127.2281478,75.0,1331.5,19.215687,15.294118,7910.0,3.75,44.313725,350.0,8.235294,0.0,0.0,26.0,78.0,0.0,-0.0078125,0.0,0.0,100.0,0.0,0.0,0.0,4.0,0.0,0.0,null,14.53,0.2957470118999481
883,23011501,0,20230115130438,37.3599154,127.2282863,75.0,1331.5,14.509804,14.117647,7910.0,2.88,44.313725,350.0,8.235294,0.0,0.0,26.0,78.0,0.0,-0.0078125,0.0,0.0,100.0,0.0,0.0,0.0,4.0,0.0,0.0,null,14.53,0.4736210107803345
884,23011501,0,20230115130439,37.3600733,127.2284182,75.0,1307.5,14.509804,14.117647,8090.0,2.88,44.313725,350.0,6.27451,0.0,0.0,21.0,78.0,0.0,-0.0078125,0.0,0.0,100.0,0.0,0.0,0.0,5.0,0.0,0.0,null,14.53,0.8708533048629761
885,23011501,0,20230115130440,37.3602369,127.2285475,75.0,1334.5,14.509804,14.117647,8090.0,2.86,44.313725,350.0,6.27451,0.0,0.0,23.0,78.0,0.0,-0.0078125,0.0,0.0,100.0,0.0,0.0,0.0,5.0,0.0,0.0,null,14.53,1.04799485206604
886,23011501,0,20230115130441,37.3604032,127.2286708,75.0,1334.5,14.509804,14.117647,8280.0,2.86,44.313725,350.0,6.27451,0.0,0.0,23.0,78.0,0.0,-0.0078125,0.0,0.0,100.0,0.0,0.0,0.0,5.0,0.0,0.0,null,14.53,0.8016919493675232
887,23011501,0,20230115130442,37.3605722,127.2287886,76.0,1349.5,14.509804,14.117647,8280.0,6.36,44.313725,350.0,30.588236,0.0,0.0,75.0,78.0,0.0,-0.0078125,0.0,0.0,100.0,0.0,0.0,0.0,5.0,0.0,0.0,null,14.53,1.0185436010360718
888,23011501,0,20230115130443,37.3607511,127.2289075,77.0,1349.5,30.19608,24.313726,8280.0,15.52,44.313725,350.0,30.588236,0.0,0.0,90.0,78.0,0.0,-0.0078125,0.0,0.0,100.0,0.0,0.0,0.0,5.0,0.0,0.0,null,14.53,0.6661834716796875
889,23011501,0,20230115130444,37.3609276,127.2290169,79.0,1386.5,30.19608,24.313726,16370.0,15.52,44.313725,350.0,34.901962,0.0,0.0,90.0,78.0,0.0,-0.0078125,0.0,0.0,100.0,0.0,0.0,0.0,5.0,0.0,0.0,null,14.53,0.43934816122055054
890,23011501,0,20230115130445,37.3611091,127.229124,80.0,1424.0,30.980392,24.313726,16370.0,16.58,44.313725,350.0,34.901962,0.0,0.0,91.0,78.0,0.0,-0.0078125,0.0,0.0,100.0,0.0,0.0,0.0,5.0,0.0,0.0,null,14.53,1.0061653852462769
891,23011501,0,20230115130446,37.3612956,127.2292282,81.0,1424.0,30.980392,25.09804,16530.0,16.58,45.490196,350.0,36.862743,0.0,0.0,91.0,78.0,0.0,-0.0078125,0.0,0.0,100.0,0.0,0.0,0.0,4.0,0.0,0.0,null,14.53,0.7193262577056885
892,23011501,0,20230115130447,37.3614834,127.2293284,81.0,1453.0,30.980392,25.09804,16530.0,16.83,45.490196,350.0,36.07843,0.0,0.0,90.0,78.0,0.0,-0.0078125,0.0,0.0,100.0,0.0,0.0,0.0,4.0,0.0,0.0,null,14.53,-0.017069082707166672
893,23011501,0,20230115130448,37.3616781,127.229431,82.0,1453.0,30.980392,24.705883,16530.0,16.58,45.490196,350.0,36.07843,0.0,0.0,90.0,78.0,0.0,-0.0078125,0.0,0.0,100.0,0.0,0.0,0.0,4.0,0.0,0.0,null,14.53,0.35150980949401855
894,23011501,0,20230115130449,37.3618697,127.2295313,82.0,1472.5,30.980392,24.705883,15820.0,16.58,45.490196,350.0,36.47059,0.0,0.0,90.0,78.0,0.0,-0.0078125,0.0,0.0,100.0,0.0,0.0,0.0,4.0,0.0,0.0,null,14.53,0.23176242411136627
895,23011501,0,20230115130450,37.3620647,127.229633,82.0,1432.5,22.745098,24.705883,15820.0,12.97,45.490196,350.0,36.47059,0.0,0.0,65.0,78.0,0.0,-0.0078125,0.0,0.0,100.0,0.0,0.0,0.0,4.0,0.0,0.0,null,14.53,-0.40397992730140686
896,23011501,0,20230115130451,37.3622597,127.2297346,81.0,1432.5,22.745098,14.117647,15820.0,12.97,45.490196,350.0,10.196078,0.0,0.0,65.0,78.0,0.0,-0.0078125,0.0,0.0,100.0,0.0,0.0,0.0,3.0,0.0,0.0,null,14.53,-0.4019462764263153
897,23011501,0,20230115130452,37.3624549,127.2298357,80.0,1409.0,22.745098,14.117647,8430.0,2.91,45.490196,350.0,6.27451,0.0,0.0,23.0,78.0,0.0,-0.0078125,0.0,0.0,100.0,0.0,0.0,0.0,3.0,0.0,0.0,null,14.53,-0.057769566774368286
898,23011501,0,20230115130453,37.3626436,127.229933,78.0,1409.0,14.509804,14.117647,8430.0,2.97,45.490196,350.0,6.27451,0.0,0.0,23.0,78.0,0.0,-0.0078125,0.0,0.0,100.0,0.0,0.0,0.0,3.0,0.0,0.0,null,14.53,0.8918647766113281
899,23011501,0,20230115130454,37.3628325,127.2300295,77.0,1380.5,14.509804,14.117647,8850.0,2.97,45.490196,350.0,6.27451,0.0,0.0,23.0,78.0,0.0,-0.0078125,0.0,0.0,100.0,0.0,0.0,0.0,4.0,0.0,0.0,null,14.53,0.0861278772354126
900,23011501,0,20230115130455,37.3630181,127.2301244,77.0,1352.0,14.509804,14.117647,8850.0,2.88,45.490196,350.0,6.27451,0.0,0.0,23.0,78.0,0.0,-0.0078125,0.0,0.0,100.0,0.0,0.0,0.0,4.0,0.0,0.0,null,14.53,-0.06405540555715561
901,23011501,0,20230115130456,37.3632002,127.2302179,76.0,1352.0,14.509804,14.117647,9000.0,2.88,45.490196,350.0,6.27451,0.0,0.0,23.0,78.0,0.0,-0.0078125,0.0,0.0,100.0,0.0,0.0,0.0,4.0,0.0,0.0,null,14.53,-0.0943014845252037
902,23011501,0,20230115130457,37.3633823,127.2303118,76.0,1349.0,14.509804,14.117647,9000.0,2.83,45.490196,350.0,29.80392,0.0,0.0,68.0,78.0,0.0,-0.0078125,0.0,0.0,100.0,0.0,0.0,0.0,5.0,0.0,0.0,null,14.53,-0.07691483944654465
903,23011501,0,20230115130458,37.3635611,127.2304043,78.0,1349.0,29.80392,24.313726,9000.0,15.44,45.490196,350.0,29.80392,0.0,0.0,89.0,78.0,0.0,-0.0078125,0.0,0.0,100.0,0.0,0.0,0.0,5.0,0.0,0.0,null,14.53,0.000160994051839225
904,23011501,0,20230115130459,37.3637465,127.2305001,79.0,1390.0,29.80392,24.313726,15510.0,15.44,45.490196,350.0,32.54902,0.0,0.0,89.0,78.0,0.0,-0.0078125,0.0,0.0,100.0,0.0,0.0,0.0,4.0,0.0,0.0,null,14.53,-0.10277918726205826
905,23011501,0,20230115130500,37.3639285,127.2305944,80.0,1437.0,29.80392,24.313726,15510.0,14.91,45.490196,350.0,32.54902,0.0,0.0,88.0,78.0,0.0,-0.0078125,0.0,0.0,100.0,0.0,0.0,0.0,4.0,0.0,0.0,null,14.53,-0.22769740223884583
906,23011501,0,20230115130501,37.3641567,127.230713,81.0,1437.0,29.80392,18.431372,12480.0,10.69,45.490196,350.0,28.62745,0.0,0.0,88.0,78.0,0.0,-0.0078125,0.0,0.0,100.0,0.0,0.0,0.0,4.0,0.0,0.0,null,14.53,0.02351599931716919
907,23011501,0,20230115130502,37.3643169,127.2307978,82.0,1450.0,29.80392,18.431372,12480.0,10.69,45.490196,350.0,26.666666,0.0,0.0,86.0,78.0,0.0,-0.0078125,0.0,0.0,100.0,0.0,0.0,0.0,4.0,0.0,0.0,null,14.53,0.33531057834625244
908,23011501,0,20230115130503,37.3645122,127.2308987,83.0,1450.0,28.62745,22.745098,12480.0,13.63,45.490196,350.0,26.666666,0.0,0.0,86.0,78.0,0.0,-0.0078125,0.0,0.0,100.0,0.0,0.0,0.0,4.0,0.0,0.0,null,14.53,-0.15695317089557648
909,23011501,0,20230115130504,37.3647078,127.2309991,84.0,1481.0,28.62745,22.745098,15070.0,13.63,45.490196,350.0,30.588236,0.0,0.0,86.0,78.0,0.0,-0.0078125,0.0,0.0,100.0,0.0,0.0,0.0,4.0,0.0,0.0,null,14.53,-0.1500384360551834
910,23011501,0,20230115130505,37.3649033,127.2310995,85.0,1501.5,28.62745,22.745098,15070.0,13.88,45.490196,350.0,30.588236,0.0,0.0,83.0,78.0,0.0,-0.0078125,0.0,0.0,100.0,0.0,0.0,0.0,4.0,0.0,0.0,null,14.53,0.08478722721338272
911,23011501,0,20230115130506,37.3651022,127.2312015,84.0,1501.5,28.62745,16.470589,8490.0,4.97,45.490196,350.0,19.607843,0.0,0.0,83.0,78.0,0.0,-0.0078125,0.0,0.0,100.0,0.0,0.0,0.0,4.0,0.0,0.0,null,14.53,-0.3782862722873688
912,23011501,0,20230115130507,37.3653045,127.2313054,83.0,1478.0,28.62745,16.470589,8490.0,4.97,45.490196,350.0,6.27451,0.0,0.0,23.0,78.0,0.0,-0.0078125,0.0,0.0,100.0,0.0,0.0,0.0,3.0,0.0,0.0,null,14.53,0.09641221165657043
913,23011501,0,20230115130508,37.3655034,127.2314079,83.0,1441.5,14.509804,14.117647,8490.0,3.16,45.490196,350.0,6.27451,0.0,0.0,23.0,78.0,0.0,-0.0078125,0.0,0.0,100.0,0.0,0.0,0.0,3.0,0.0,0.0,null,14.53,-0.13630296289920807
914,23011501,0,20230115130509,37.3656988,127.2315088,82.0,1441.5,14.509804,14.117647,8360.0,3.16,45.490196,350.0,5.882353,0.0,0.0,23.0,78.0,0.0,-0.0078125,0.0,0.0,100.0,0.0,0.0,0.0,4.0,0.0,0.0,null,14.53,-0.15817366540431976
915,23011501,0,20230115130510,37.3658941,127.23161,81.0,1439.5,14.509804,14.117647,8360.0,3.11,45.490196,350.0,6.27451,0.0,0.0,23.0,78.0,0.0,-0.0078125,0.0,0.0,100.0,0.0,0.0,0.0,4.0,0.0,0.0,null,14.53,0.05772386118769646
916,23011501,0,20230115130511,37.3660893,127.2317114,80.0,1439.5,14.509804,14.117647,8550.0,3.0,45.490196,350.0,6.27451,0.0,0.0,23.0,78.0,0.0,-0.0078125,0.0,0.0,100.0,0.0,0.0,0.0,4.0,0.0,0.0,null,14.53,0.12955477833747864
917,23011501,0,20230115130512,37.3662779,127.2318091,78.0,1408.5,14.509804,14.117647,8550.0,3.0,45.490196,350.0,6.27451,0.0,0.0,23.0,78.0,0.0,-0.0078125,0.0,0.0,100.0,0.0,0.0,0.0,4.0,0.0,0.0,null,14.53,0.06391080468893051
918,23011501,0,20230115130513,37.3664669,127.2319056,78.0,1403.0,14.509804,14.117647,8550.0,2.88,45.490196,350.0,29.019608,0.0,0.0,66.0,78.0,0.0,-0.0078125,0.0,0.0,100.0,0.0,0.0,0.0,4.0,0.0,0.0,null,14.53,0.5101723670959473
919,23011501,0,20230115130514,37.3666522,127.2320017,79.0,1403.0,29.019608,14.117647,14860.0,2.88,45.490196,350.0,29.019608,0.0,0.0,66.0,78.0,0.0,-0.0078125,0.0,0.0,100.0,0.0,0.0,0.0,5.0,0.0,0.0,null,14.53,0.02161099947988987
920,23011501,0,20230115130515,37.3668405,127.2321004,80.0,1423.0,29.019608,14.117647,14860.0,14.33,45.490196,350.0,29.80392,0.0,0.0,87.0,78.0,0.0,-0.0078125,0.0,0.0,100.0,0.0,0.0,0.0,4.0,0.0,0.0,null,14.53,0.20708729326725006
921,23011501,0,20230115130516,37.3670289,127.2321987,81.0,1423.0,29.019608,22.352942,14170.0,12.69,45.882355,350.0,29.80392,0.0,0.0,86.0,78.0,0.0,-0.0078125,0.0,0.0,100.0,0.0,0.0,0.0,4.0,0.0,0.0,null,14.53,-0.013875470496714115
922,23011501,0,20230115130517,37.3672176,127.2322961,81.0,1442.5,28.235294,22.352942,14170.0,12.69,45.882355,350.0,27.450981,0.0,0.0,86.0,78.0,0.0,-0.0078125,0.0,0.0,100.0,0.0,0.0,0.0,4.0,0.0,0.0,null,14.53,0.21284030377864838
923,23011501,0,20230115130518,37.3674096,127.2323952,82.0,1461.5,28.235294,22.352942,14170.0,12.91,45.882355,350.0,27.450981,0.0,0.0,86.0,78.0,0.0,-0.0078125,0.0,0.0,100.0,0.0,0.0,0.0,4.0,0.0,0.0,null,14.53,-0.23724991083145142
924,23011501,0,20230115130519,37.3676017,127.2324944,82.0,1461.5,28.235294,22.352942,14300.0,12.91,45.882355,350.0,28.235294,0.0,0.0,86.0,78.0,0.0,-0.0078125,0.0,0.0,100.0,0.0,0.0,0.0,4.0,0.0,0.0,null,14.577,-0.13848255574703217
925,23011501,0,20230115130520,37.3677971,127.2325952,83.0,1473.0,28.235294,22.352942,14300.0,12.75,45.882355,350.0,28.235294,0.0,0.0,85.0,78.0,0.0,-0.0078125,0.0,0.0,100.0,0.0,0.0,0.0,4.0,0.0,0.0,null,14.577,0.07474305480718613
926,23011501,0,20230115130521,37.3679925,127.232696,83.0,1473.0,28.235294,20.784313,13770.0,12.75,45.882355,350.0,25.882353,0.0,0.0,85.0,78.0,0.0,-0.0078125,0.0,0.0,100.0,0.0,0.0,0.0,4.0,0.0,0.0,null,14.577,0.37635815143585205
927,23011501,0,20230115130522,37.3681879,127.2327968,83.0,1471.0,28.235294,20.784313,13770.0,11.3,45.882355,350.0,19.215687,0.0,0.0,84.0,78.0,0.0,-0.0078125,0.0,0.0,100.0,0.0,0.0,0.0,4.0,0.0,0.0,null,14.577,0.02388845570385456
928,23011501,0,20230115130523,37.3683867,127.2328992,82.0,1471.0,23.529411,17.254902,13770.0,7.94,45.882355,350.0,19.215687,0.0,0.0,86.0,78.0,0.0,-0.0078125,0.0,0.0,100.0,0.0,0.0,0.0,4.0,0.0,0.0,null,14.577,-0.07558837532997131
929,23011501,0,20230115130524,37.3685788,127.2329984,82.0,1482.0,23.529411,17.254902,16260.0,7.94,45.882355,350.0,31.764706,0.0,0.0,86.0,78.0,0.0,-0.0078125,0.0,0.0,100.0,0.0,0.0,0.0,4.0,0.0,0.0,null,14.577,-0.13036754727363586
930,23011501,0,20230115130525,37.3687738,127.2331001,82.0,1464.5,32.941177,17.254902,16260.0,19.33,45.882355,350.0,41.960785,0.0,0.0,96.0,78.0,0.0,-0.0078125,0.0,0.0,100.0,0.0,0.0,0.0,4.0,0.0,0.0,null,14.577,-0.0009593011345714331
931,23011501,0,20230115130526,37.3689689,127.2332018,83.0,1464.5,32.941177,27.843138,18880.0,19.11,45.882355,350.0,41.960785,0.0,0.0,96.0,78.0,0.0,-0.0078125,0.0,0.0,100.0,0.0,0.0,0.0,4.0,0.0,0.0,null,14.577,-0.11210527271032333
932,23011501,0,20230115130527,37.3691737,127.2333135,82.0,1468.0,32.941177,27.843138,18880.0,19.11,45.882355,350.0,27.058823,0.0,0.0,87.0,78.0,0.0,-0.0078125,0.0,0.0,100.0,0.0,0.0,0.0,3.0,0.0,0.0,null,14.577,0.264870285987854
933,23011501,0,20230115130528,37.3693679,127.2334178,82.0,1449.0,27.450981,20.784313,18880.0,11.47,45.882355,350.0,27.058823,0.0,0.0,81.0,78.0,0.0,-0.0078125,0.0,0.0,100.0,0.0,0.0,0.0,3.0,0.0,0.0,null,14.577,-0.3694247305393219
934,23011501,0,20230115130529,37.3695616,127.233524,80.0,1449.0,14.509804,20.784313,8430.0,11.47,45.882355,350.0,20.0,0.0,0.0,81.0,81.0,0.0,-0.0078125,0.0,0.0,100.0,0.0,0.0,0.0,3.0,0.0,0.0,null,14.577,-0.16230331361293793
935,23011501,0,20230115130530,37.3697517,127.2336288,78.0,1390.5,14.509804,20.784313,8430.0,3.08,45.882355,350.0,6.27451,0.0,0.0,21.0,81.0,0.0,-0.0078125,0.0,0.0,100.0,0.0,0.0,0.0,3.0,0.0,0.0,null,14.577,-0.3135922849178314
936,23011501,0,20230115130531,37.3699352,127.2337299,76.0,1390.5,14.509804,14.117647,8280.0,2.88,45.882355,350.0,6.27451,0.0,0.0,23.0,81.0,0.0,-0.0078125,0.0,0.0,100.0,0.0,0.0,0.0,3.0,0.0,0.0,null,14.577,-0.008254293352365494
937,23011501,0,20230115130532,37.3701158,127.2338284,75.0,1335.0,23.529411,14.117647,8280.0,2.88,45.882355,350.0,9.803922,0.0,0.0,23.0,81.0,0.0,-0.0078125,0.0,0.0,100.0,0.0,0.0,0.0,4.0,0.0,0.0,null,14.577,0.1298825591802597
938,23011501,0,20230115130533,37.3702967,127.2339253,74.0,1320.5,23.529411,17.254902,8280.0,7.69,45.882355,350.0,9.803922,0.0,0.0,77.0,81.0,0.0,-0.0078125,0.0,0.0,100.0,0.0,0.0,0.0,4.0,0.0,0.0,null,14.577,0.35023003816604614
939,23011501,0,20230115130534,37.3704712,127.2340184,74.0,1320.5,22.745098,17.254902,13090.0,9.72,45.882355,350.0,20.784313,0.0,0.0,77.0,81.0,0.0,-0.0078125,0.0,0.0,100.0,0.0,0.0,0.0,4.0,0.0,0.0,null,14.577,0.2086702585220337
940,23011501,0,20230115130535,37.3706458,127.2341109,73.0,1309.0,22.745098,17.254902,13090.0,9.72,45.882355,350.0,12.941176,0.0,0.0,75.0,81.0,0.0,-0.0078125,0.0,0.0,100.0,0.0,0.0,0.0,4.0,0.0,0.0,null,14.577,-1.2897660732269287
941,23011501,0,20230115130536,37.3708209,127.2342023,72.0,1309.0,22.745098,14.117647,7950.0,2.8,45.882355,350.0,12.941176,0.0,0.0,22.0,81.0,0.0,-0.0078125,0.0,0.0,100.0,0.0,0.0,0.0,4.0,0.0,0.0,null,14.577,-0.07569257915019989
942,23011501,0,20230115130537,37.3709925,127.2342921,72.0,1271.0,14.509804,14.117647,7950.0,2.8,45.882355,350.0,6.27451,0.0,0.0,22.0,81.0,0.0,-0.0078125,0.0,0.0,100.0,0.0,0.0,0.0,4.0,0.0,0.0,null,14.577,-1.3796123266220093
943,23011501,0,20230115130538,37.3711641,127.2343822,71.0,1260.0,14.509804,13.725491,7950.0,2.69,45.882355,350.0,6.27451,0.0,0.0,23.0,81.0,0.0,-0.0078125,0.0,0.0,100.0,0.0,0.0,0.0,4.0,0.0,0.0,null,14.577,-1.1165802478790283
944,23011501,0,20230115130539,37.3713315,127.2344731,70.0,1260.0,14.509804,13.725491,8400.0,2.63,45.882355,350.0,6.27451,0.0,0.0,23.0,81.0,0.0,-0.0078125,0.0,0.0,100.0,0.0,0.0,0.0,4.0,0.0,0.0,null,14.577,-0.47130605578422546
945,23011501,0,20230115130540,37.3714946,127.2345649,70.0,1237.5,14.509804,13.725491,8400.0,2.63,45.882355,350.0,6.27451,0.0,0.0,24.0,81.0,0.0,-0.0078125,0.0,0.0,100.0,0.0,0.0,0.0,4.0,0.0,0.0,null,14.577,-0.09061966836452484
946,23011501,0,20230115130541,37.3716599,127.2346616,69.0,1237.5,14.509804,13.725491,8550.0,2.61,45.882355,350.0,6.27451,0.0,0.0,23.0,81.0,0.0,-0.0078125,0.0,0.0,100.0,0.0,0.0,0.0,4.0,0.0,0.0,null,14.577,-0.7001780867576599
947,23011501,0,20230115130542,37.3718203,127.2347604,69.0,1224.5,14.509804,13.725491,8550.0,2.61,45.882355,350.0,6.27451,0.0,0.0,23.0,81.0,0.0,-0.0078125,0.0,0.0,100.0,0.0,0.0,0.0,5.0,0.0,0.0,null,14.577,-0.8066935539245605
948,23011501,0,20230115130543,37.3719756,127.2348622,69.0,1227.0,14.509804,13.725491,8550.0,2.58,45.882355,350.0,6.27451,0.0,0.0,23.0,81.0,0.0,-0.0078125,0.0,0.0,100.0,0.0,0.0,0.0,5.0,0.0,0.0,null,14.577,-0.8081042170524597
949,23011501,0,20230115130544,37.3721317,127.2349712,69.0,1227.0,14.509804,13.725491,8760.0,2.58,45.882355,350.0,6.27451,0.0,0.0,23.0,80.0,0.0,-0.0078125,0.0,0.0,100.0,0.0,0.0,0.0,5.0,0.0,0.0,null,14.577,-0.5167253017425537
950,23011501,0,20230115130545,37.3722858,127.235085,69.0,1219.0,14.509804,13.725491,8760.0,2.58,45.882355,350.0,6.27451,0.0,0.0,23.0,80.0,0.0,-0.0078125,0.0,0.0,100.0,0.0,0.0,0.0,5.0,0.0,0.0,null,14.577,-1.218893051147461
951,23011501,0,20230115130546,37.3724348,127.2352004,69.0,1219.0,14.509804,13.725491,8990.0,2.58,45.490196,350.0,6.27451,0.0,0.0,23.0,80.0,0.0,-0.0078125,0.0,0.0,100.0,0.0,0.0,0.0,5.0,0.0,0.0,null,14.577,-0.6989837884902954
952,23011501,0,20230115130547,37.3725848,127.2353223,70.0,1238.5,14.509804,13.725491,8990.0,2.58,45.490196,350.0,15.294118,0.0,0.0,47.0,80.0,0.0,-0.0078125,0.0,0.0,100.0,0.0,0.0,0.0,5.0,0.0,0.0,null,14.577,-1.1422063112258911
953,23011501,0,20230115130548,37.3727324,127.2354487,71.0,1238.5,27.058823,21.17647,8990.0,10.16,45.490196,350.0,15.294118,0.0,0.0,88.0,80.0,0.0,-0.0078125,0.0,0.0,100.0,0.0,0.0,0.0,5.0,0.0,0.0,null,14.577,-0.37610840797424316
954,23011501,0,20230115130549,37.3728778,127.2355792,72.0,1285.0,27.058823,21.17647,7990.0,10.16,45.490196,350.0,18.82353,0.0,0.0,88.0,80.0,0.0,-0.0078125,0.0,0.0,100.0,0.0,0.0,0.0,5.0,0.0,0.0,null,14.577,-1.0222315788269043
955,23011501,0,20230115130550,37.3730267,127.2357189,72.0,1285.0,18.82353,21.17647,7990.0,5.13,45.490196,350.0,18.82353,0.0,0.0,49.0,80.0,0.0,-0.0078125,0.0,0.0,100.0,0.0,0.0,0.0,5.0,0.0,0.0,null,14.53,-0.3859807848930359
956,23011501,0,20230115130551,37.3731711,127.2358586,72.0,1287.5,18.82353,15.686275,7990.0,5.13,45.490196,350.0,12.54902,0.0,0.0,49.0,80.0,0.0,-0.0078125,0.0,0.0,100.0,0.0,0.0,0.0,5.0,0.0,0.0,null,14.53,-1.5533050298690796
957,23011501,0,20230115130552,37.3733142,127.2360076,72.0,1287.5,18.82353,15.686275,7900.0,4.22,45.490196,350.0,12.54902,0.0,0.0,26.0,80.0,0.0,-0.0078125,0.0,0.0,100.0,0.0,0.0,0.0,5.0,0.0,0.0,null,14.53,-0.8800259828567505
958,23011501,0,20230115130553,37.3734528,127.2361631,72.0,1277.0,14.509804,15.686275,7900.0,4.22,45.490196,350.0,6.6666665,0.0,0.0,26.0,80.0,0.0,-0.0078125,0.0,0.0,100.0,0.0,0.0,0.0,5.0,0.0,0.0,null,14.53,-1.7440741062164307
959,23011501,0,20230115130554,37.3735881,127.2363231,71.0,1277.0,14.509804,13.725491,7900.0,2.69,45.490196,350.0,6.6666665,0.0,0.0,26.0,80.0,0.0,-0.0078125,0.0,0.0,100.0,0.0,0.0,0.0,5.0,0.0,0.0,null,14.53,-0.5162312984466553
960,23011501,0,20230115130555,37.3737182,127.2364833,70.0,1240.0,14.509804,13.725491,7900.0,2.69,45.490196,350.0,10.588235,0.0,0.0,23.0,80.0,0.0,-0.0078125,0.0,0.0,100.0,0.0,0.0,0.0,5.0,0.0,0.0,null,14.53,-0.6929835677146912
961,23011501,0,20230115130556,37.3738458,127.2366468,71.0,1240.0,31.37255,13.725491,13210.0,14.02,45.490196,350.0,10.588235,0.0,0.0,93.0,80.0,0.0,-0.0078125,0.0,0.0,100.0,0.0,0.0,0.0,5.0,0.0,0.0,null,14.53,-0.4002014100551605
962,23011501,0,20230115130557,37.3739686,127.2368097,72.0,1342.5,31.37255,26.27451,13210.0,14.02,45.490196,350.0,35.686275,0.0,0.0,93.0,80.0,0.0,-0.0078125,0.0,0.0,100.0,0.0,0.0,0.0,5.0,0.0,0.0,null,14.53,-0.9291225671768188
963,23011501,0,20230115130558,37.3740932,127.2369828,73.0,1311.5,31.37255,26.27451,16380.0,15.38,45.490196,350.0,22.352942,0.0,0.0,90.0,80.0,0.0,-0.0078125,0.0,0.0,100.0,0.0,0.0,0.0,5.0,0.0,0.0,null,14.53,-1.09321129322052
964,23011501,0,20230115130559,37.3742138,127.2371603,72.0,1311.5,14.509804,13.725491,16380.0,2.41,45.490196,350.0,22.352942,0.0,0.0,90.0,80.0,0.0,-0.0078125,0.0,0.0,100.0,0.0,0.0,0.0,4.0,0.0,0.0,null,14.53,-1.205739974975586
965,23011501,0,20230115130600,37.3743315,127.2373533,71.0,1246.5,14.509804,13.725491,16380.0,2.41,45.490196,350.0,6.27451,0.0,0.0,21.0,80.0,0.0,-0.0078125,0.0,0.0,100.0,0.0,0.0,0.0,4.0,0.0,0.0,null,14.53,-0.5425146818161011
966,23011501,0,20230115130601,37.3744425,127.2375347,70.0,1246.5,14.509804,13.725491,8680.0,2.66,45.490196,350.0,6.27451,0.0,0.0,24.0,80.0,0.0,-0.0078125,0.0,0.0,100.0,0.0,0.0,0.0,4.0,0.0,0.0,null,14.53,-0.5527889728546143
967,23011501,0,20230115130602,37.3745511,127.2377185,69.0,1245.0,14.509804,13.725491,8680.0,2.66,45.490196,350.0,6.27451,0.0,0.0,24.0,80.0,0.0,-0.0078125,0.0,0.0,100.0,0.0,0.0,0.0,5.0,0.0,0.0,null,14.53,-0.3818212151527405
968,23011501,0,20230115130603,37.3746555,127.2379003,68.0,1216.5,14.509804,13.725491,8880.0,2.63,45.490196,350.0,6.27451,0.0,0.0,23.0,80.0,0.0,-0.0078125,0.0,0.0,100.0,0.0,0.0,0.0,5.0,0.0,0.0,null,14.53,-0.18440930545330048
969,23011501,0,20230115130604,37.3747564,127.2380798,68.0,1216.5,14.509804,13.725491,8880.0,2.55,45.490196,350.0,6.27451,0.0,0.0,23.0,80.0,0.0,-0.0078125,0.0,0.0,100.0,0.0,0.0,0.0,5.0,0.0,0.0,null,14.53,-0.004453224129974842
970,23011501,0,20230115130605,37.3748567,127.2382599,66.0,1183.5,14.509804,13.725491,8880.0,2.55,45.490196,350.0,6.27451,0.0,0.0,23.0,80.0,0.0,-0.0078125,0.0,0.0,100.0,0.0,0.0,0.0,5.0,0.0,0.0,null,14.53,-0.1498652845621109
971,23011501,0,20230115130606,37.3749542,127.2384368,65.0,1183.5,14.509804,13.725491,9100.0,2.41,45.490196,350.0,6.27451,0.0,0.0,23.0,80.0,0.0,-0.0078125,0.0,0.0,100.0,0.0,0.0,0.0,5.0,0.0,0.0,null,14.53,-0.07499638199806213
972,23011501,0,20230115130607,37.3750505,127.2386148,64.0,1156.0,14.509804,13.333333,9100.0,2.41,45.490196,350.0,6.27451,0.0,0.0,23.0,80.0,0.0,-0.0078125,0.0,0.0,100.0,0.0,0.0,0.0,5.0,0.0,0.0,null,14.53,0.030144374817609787
973,23011501,0,20230115130608,37.3751432,127.238785,63.0,1353.0,14.509804,13.333333,9240.0,2.38,45.490196,350.0,5.882353,0.0,0.0,22.0,80.0,0.0,-0.0078125,0.0,0.0,100.0,0.0,0.0,0.0,5.0,0.0,0.0,null,14.53,0.553746223449707
974,23011501,0,20230115130609,37.3752376,127.2389536,62.0,1353.0,14.509804,14.117647,9240.0,2.91,45.490196,350.0,5.882353,0.0,0.0,22.0,80.0,0.0,-0.0078125,0.0,0.0,100.0,0.0,0.0,0.0,5.0,0.0,0.0,null,14.53,0.44167912006378174
975,23011501,0,20230115130610,37.3753319,127.2391167,61.0,1353.5,14.509804,14.117647,8050.0,2.91,45.490196,350.0,6.6666665,0.0,0.0,23.0,80.0,0.0,-0.0078125,0.0,0.0,100.0,0.0,0.0,0.0,5.0,0.0,0.0,null,14.53,0.781562864780426
976,23011501,0,20230115130611,37.3754269,127.2392737,61.0,1349.5,21.17647,14.117647,8050.0,5.83,45.490196,350.0,6.6666665,0.0,0.0,51.0,80.0,0.0,-0.0078125,0.0,0.0,100.0,0.0,0.0,0.0,5.0,0.0,0.0,null,14.53,0.53488689661026
977,23011501,0,20230115130612,37.3755245,127.239428,61.0,1349.5,21.17647,15.686275,7850.0,5.83,45.490196,350.0,12.54902,0.0,0.0,51.0,80.0,0.0,-0.0078125,0.0,0.0,100.0,0.0,0.0,0.0,5.0,0.0,0.0,null,14.53,0.6848034262657166
978,23011501,0,20230115130613,37.375625,127.2395794,61.0,1345.5,21.17647,15.686275,7850.0,5.33,45.490196,350.0,11.764706,0.0,0.0,45.0,80.0,0.0,-0.0078125,0.0,0.0,100.0,0.0,0.0,0.0,5.0,0.0,0.0,null,14.53,0.7766925692558289
979,23011501,0,20230115130614,37.3757267,127.2397237,60.0,1345.5,18.82353,15.686275,7850.0,5.25,45.490196,350.0,11.764706,0.0,0.0,45.0,80.0,0.0,-0.0078125,0.0,0.0,100.0,0.0,0.0,0.0,5.0,0.0,0.0,null,14.53,1.2737388610839844
980,23011501,0,20230115130615,37.3758348,127.2398667,60.0,1335.5,18.82353,15.686275,7970.0,5.25,45.490196,350.0,11.764706,0.0,0.0,45.0,78.0,0.0,-0.0078125,0.0,0.0,100.0,0.0,0.0,0.0,5.0,0.0,0.0,null,14.53,0.815399169921875
981,23011501,0,20230115130616,37.3759446,127.2400012,60.0,1320.0,14.509804,15.686275,7970.0,4.05,45.490196,350.0,11.764706,0.0,0.0,23.0,78.0,0.0,-0.0078125,0.0,0.0,100.0,0.0,0.0,0.0,5.0,0.0,0.0,null,14.53,1.1420851945877075
982,23011501,0,20230115130617,37.3760581,127.240131,59.0,1320.0,14.509804,14.117647,8050.0,4.05,45.882355,350.0,6.27451,0.0,0.0,23.0,78.0,0.0,-0.0078125,0.0,0.0,100.0,0.0,0.0,0.0,5.0,0.0,0.0,null,14.53,1.2506952285766602
983,23011501,0,20230115130618,37.3761742,127.2402568,58.0,1279.0,14.509804,14.117647,8050.0,2.8,45.882355,350.0,6.27451,0.0,0.0,23.0,78.0,0.0,-0.0078125,0.0,0.0,100.0,0.0,0.0,0.0,5.0,0.0,0.0,null,14.53,0.8191848993301392
984,23011501,0,20230115130619,37.3762903,127.240376,57.0,1279.0,14.509804,13.725491,8050.0,2.66,45.882355,350.0,6.27451,0.0,0.0,23.0,78.0,0.0,-0.0078125,0.0,0.0,100.0,0.0,0.0,0.0,5.0,0.0,0.0,null,14.53,1.153481364250183
985,23011501,0,20230115130620,37.3764066,127.2404873,56.0,1255.0,14.509804,13.725491,8260.0,2.66,45.882355,350.0,6.27451,0.0,0.0,23.0,78.0,0.0,-0.0078125,0.0,0.0,100.0,0.0,0.0,0.0,5.0,0.0,0.0,null,14.53,1.359796404838562
986,23011501,0,20230115130621,37.3765261,127.2405934,56.0,1221.5,14.509804,13.725491,8260.0,2.63,45.882355,350.0,6.27451,0.0,0.0,23.0,78.0,0.0,-0.0078125,0.0,0.0,100.0,0.0,0.0,0.0,5.0,0.0,0.0,null,14.53,0.9484786987304688
987,23011501,0,20230115130622,37.3766454,127.2406916,55.0,1221.5,14.509804,16.862745,8260.0,2.63,45.882355,350.0,6.6666665,0.0,0.0,23.0,78.0,0.0,-0.0078125,0.0,0.0,100.0,0.0,0.0,0.0,5.0,0.0,0.0,null,14.53,1.2177244424819946
988,23011501,0,20230115130623,37.3767643,127.2407824,55.0,1231.5,14.509804,16.862745,9480.0,7.75,45.882355,350.0,18.82353,0.0,0.0,82.0,78.0,0.0,-0.0078125,0.0,0.0,100.0,0.0,0.0,0.0,5.0,0.0,0.0,null,14.53,0.8488824963569641
989,23011501,0,20230115130624,37.3768886,127.2408705,56.0,1231.5,15.294118,14.90196,9480.0,3.94,45.882355,350.0,18.82353,0.0,0.0,27.0,78.0,0.0,-0.0078125,0.0,0.0,100.0,0.0,0.0,0.0,5.0,0.0,0.0,null,14.53,1.1180989742279053
990,23011501,0,20230115130625,37.3770151,127.2409536,55.0,1224.5,15.294118,14.90196,7930.0,3.94,45.882355,350.0,6.6666665,0.0,0.0,27.0,78.0,0.0,-0.0078125,0.0,0.0,100.0,0.0,0.0,0.0,5.0,0.0,0.0,null,14.53,1.0576636791229248
991,23011501,0,20230115130626,37.3771436,127.2410315,54.0,1178.5,14.509804,14.90196,7930.0,2.52,45.882355,350.0,6.6666665,0.0,0.0,23.0,78.0,0.0,0.0,0.0,0.0,100.0,0.0,0.0,0.0,5.0,0.0,0.0,null,14.53,1.0546152591705322
992,23011501,0,20230115130627,37.3772706,127.2411031,53.0,1178.5,14.509804,13.725491,8110.0,2.52,45.882355,350.0,6.27451,0.0,0.0,23.0,78.0,0.0,0.0,0.0,0.0,100.0,0.0,0.0,0.0,5.0,0.0,0.0,null,14.53,1.0002750158309937
993,23011501,0,20230115130628,37.3773958,127.2411686,52.0,1150.5,14.509804,13.725491,8110.0,2.38,45.882355,350.0,5.882353,0.0,0.0,23.0,78.0,0.0,0.0,0.0,0.0,100.0,0.0,0.0,0.0,5.0,0.0,0.0,null,14.53,0.5602473616600037
994,23011501,0,20230115130629,37.3775224,127.2412297,50.0,1150.5,14.509804,13.725491,8110.0,2.61,45.882355,350.0,5.882353,0.0,0.0,23.0,78.0,0.0,0.0,0.0,0.0,100.0,0.0,0.0,0.0,5.0,0.0,0.0,null,14.53,0.5996721982955933
995,23011501,0,20230115130630,37.3776431,127.2412845,49.0,1406.5,14.509804,13.725491,8260.0,2.61,45.882355,350.0,6.27451,0.0,0.0,23.0,78.0,0.0,0.0,0.0,0.0,100.0,0.0,0.0,0.0,5.0,0.0,0.0,null,14.53,0.24992568790912628
996,23011501,0,20230115130631,37.3777643,127.2413379,48.0,1328.0,14.509804,13.725491,8260.0,2.8,45.882355,350.0,6.27451,0.0,0.0,23.0,78.0,0.0,0.0,0.0,0.0,100.0,0.0,0.0,0.0,5.0,0.0,0.0,null,14.53,0.5288972854614258
997,23011501,0,20230115130632,37.3778827,127.241388,47.0,1328.0,14.509804,13.725491,8350.0,2.8,45.882355,350.0,6.27451,0.0,0.0,23.0,78.0,0.0,0.0,0.0,0.0,100.0,0.0,0.0,0.0,5.0,0.0,0.0,null,14.53,0.4328934848308563
998,23011501,0,20230115130633,37.3779981,127.2414347,46.0,1308.5,14.509804,13.725491,8350.0,2.8,45.882355,350.0,6.27451,0.0,0.0,23.0,78.0,0.0,0.0,0.0,1.0,100.0,0.0,0.0,0.0,5.0,0.0,0.0,null,14.53,0.5616496205329895
999,23011501,0,20230115130634,37.378114,127.2414795,44.0,1253.5,14.509804,13.725491,8350.0,2.77,45.882355,350.0,6.27451,0.0,0.0,23.0,78.0,0.0,0.0,0.0,1.0,100.0,0.0,0.0,0.0,5.0,0.0,0.0,null,14.53,0.18833722174167633
1000,23011501,0,20230115130635,37.3782235,127.2415201,43.0,1253.5,14.509804,13.725491,8490.0,2.55,45.882355,350.0,6.27451,0.0,0.0,23.0,78.0,0.0,0.0,0.0,1.0,100.0,0.0,0.0,0.0,5.0,0.0,0.0,null,14.53,-0.08701177686452866
1001,23011501,0,20230115130636,37.3783332,127.2415596,41.0,1185.5,14.509804,13.333333,8490.0,2.55,45.882355,350.0,6.27451,0.0,0.0,23.0,78.0,0.0,0.0,0.0,1.0,100.0,0.0,0.0,0.0,5.0,0.0,0.0,null,14.53,-0.19521792232990265
1002,23011501,0,20230115130637,37.3784359,127.2415972,36.0,1282.5,14.509804,13.333333,8560.0,2.44,45.882355,350.0,6.27451,0.0,0.0,23.0,78.0,0.0,0.0,0.0,1.0,100.0,0.0,0.0,0.0,5.0,0.0,0.0,null,14.53,-2.3917112350463867
1003,23011501,0,20230115130638,37.3785299,127.2416391,34.0,1282.5,14.509804,14.117647,8560.0,2.91,45.882355,350.0,6.27451,0.0,0.0,23.0,78.0,0.0,0.0,0.0,1.0,100.0,0.0,0.0,0.0,5.0,0.0,0.0,null,14.53,-5.542722702026367
1004,23011501,0,20230115130639,37.3786112,127.2416948,31.0,1314.5,14.509804,14.117647,8560.0,2.91,45.882355,350.0,5.882353,0.0,0.0,23.0,78.0,0.0,0.0,0.0,1.0,100.0,0.0,0.0,0.0,5.0,0.0,0.0,null,14.53,-8.851895332336426
1005,23011501,0,20230115130640,37.3786745,127.2417664,31.0,1286.5,24.705883,14.117647,8780.0,8.63,45.882355,350.0,5.882353,0.0,0.0,61.0,78.0,0.0,0.0,0.0,1.0,100.0,0.0,0.0,0.0,5.0,0.0,0.0,null,14.53,-7.484341144561768
1006,23011501,0,20230115130641,37.3787205,127.2418513,30.0,1286.5,24.705883,15.686275,7750.0,8.63,45.882355,350.0,13.333333,0.0,0.0,61.0,78.0,0.0,0.0,0.0,1.0,100.0,0.0,0.0,0.0,5.0,0.0,0.0,null,14.53,-7.118223190307617
1007,23011501,0,20230115130642,37.3787497,127.241947,30.0,1284.0,24.705883,15.686275,7750.0,7.36,45.882355,350.0,18.82353,0.0,0.0,65.0,78.0,0.0,0.0,0.0,1.0,100.0,0.0,0.0,0.0,5.0,0.0,0.0,null,14.53,-8.24044418334961
1008,23011501,0,20230115130643,37.3787587,127.2420444,30.0,1350.5,27.058823,20.784313,7750.0,10.5,45.882355,350.0,18.82353,0.0,0.0,88.0,78.0,0.0,0.0,0.0,1.0,100.0,0.0,0.0,0.0,5.0,0.0,0.0,null,14.53,-8.40948486328125
1009,23011501,0,20230115130644,37.3787474,127.2421414,31.0,1350.5,27.058823,20.784313,13210.0,10.5,45.882355,350.0,24.705883,0.0,0.0,88.0,76.0,0.0,0.0,0.0,1.0,100.0,0.0,0.0,0.0,5.0,0.0,0.0,null,14.53,-7.795945644378662
1010,23011501,0,20230115130645,37.3787169,127.2422317,33.0,1340.0,29.80392,20.784313,13210.0,11.44,45.882355,350.0,33.333332,0.0,0.0,93.0,76.0,0.0,0.0,0.0,1.0,100.0,0.0,0.0,0.0,5.0,0.0,0.0,null,14.53,-7.316391468048096
1011,23011501,0,20230115130646,37.3786676,127.242319,34.0,1340.0,29.80392,26.27451,16200.0,17.11,43.52941,350.0,33.333332,0.0,0.0,95.0,76.0,0.0,0.0,0.0,1.0,100.0,0.0,0.0,0.0,5.0,0.0,0.0,null,14.53,-6.647096157073975
1012,23011501,0,20230115130647,37.3786044,127.242391,37.0,1406.5,35.294117,30.980392,16200.0,17.11,43.52941,350.0,42.7451,0.0,0.0,95.0,76.0,0.0,0.0,0.0,1.0,100.0,0.0,0.0,0.0,5.0,0.0,0.0,null,14.53,-3.3184056282043457
1013,23011501,0,20230115130648,37.3785318,127.2424558,39.0,1535.5,35.294117,30.980392,16200.0,21.11,43.52941,350.0,33.333332,0.0,0.0,94.0,76.0,0.0,0.0,0.0,1.0,100.0,0.0,0.0,0.0,5.0,0.0,0.0,null,14.53,-1.8904414176940918
1014,23011501,0,20230115130649,37.3784472,127.2425225,40.0,1535.5,26.27451,30.980392,15170.0,11.86,43.52941,350.0,33.333332,0.0,0.0,76.0,76.0,0.0,0.0,0.0,1.0,100.0,0.0,0.0,0.0,5.0,0.0,0.0,null,14.506,-2.0095789432525635
1015,23011501,0,20230115130650,37.3783595,127.2425824,39.0,1600.5,26.27451,16.078432,15170.0,11.86,43.52941,350.0,15.686275,0.015625,0.0,76.0,76.0,0.0,0.0,0.0,1.0,100.0,0.0,0.0,0.0,4.0,0.0,0.0,null,14.506,-4.283377170562744
1016,23011501,0,20230115130651,37.3782638,127.2426313,38.0,1394.0,26.27451,16.078432,8260.0,6.02,43.52941,350.0,17.254902,0.015625,0.0,67.0,76.0,0.0,0.0,0.0,1.0,100.0,0.0,0.0,0.0,4.0,0.0,0.0,null,14.506,-8.073427200317383
1017,23011501,0,20230115130652,37.3781656,127.2426519,38.0,1394.0,25.09804,17.647058,8260.0,7.63,43.52941,350.0,17.254902,0.015625,0.0,73.0,76.0,0.0,0.0,0.0,1.0,100.0,0.0,0.0,0.0,5.0,0.0,0.0,null,14.506,-9.963631629943848
1018,23011501,0,20230115130653,37.378067,127.2426349,37.0,1388.5,25.09804,17.647058,11590.0,7.63,43.52941,350.0,17.647058,0.015625,0.0,73.0,76.0,0.0,-0.0078125,0.0,1.0,100.0,0.0,0.0,0.0,5.0,0.0,0.0,null,14.506,-9.30400562286377
1019,23011501,0,20230115130654,37.3779772,127.2425812,38.0,1521.0,28.62745,17.647058,11590.0,11.83,43.52941,350.0,28.235294,0.015625,0.0,89.0,76.0,0.0,-0.0078125,0.0,1.0,100.0,0.0,0.0,0.0,5.0,0.0,0.0,null,14.506,-9.580545425415039
1020,23011501,0,20230115130655,37.3779055,127.2425012,38.0,1450.5,28.62745,22.745098,14270.0,12.22,43.52941,350.0,28.235294,0.015625,0.0,88.0,76.0,0.0,-0.0078125,0.0,1.0,100.0,0.0,0.0,0.0,5.0,0.0,0.0,null,14.506,-9.33764934539795
1021,23011501,0,20230115130656,37.3778604,127.2423874,39.0,1450.5,25.490196,19.607843,14270.0,12.22,43.52941,350.0,26.27451,0.015625,0.0,88.0,76.0,0.0,-0.0078125,0.0,1.0,100.0,0.0,0.0,0.0,5.0,0.0,0.0,null,14.506,-8.663812637329102
1022,23011501,0,20230115130657,37.3778307,127.2422451,38.0,1369.0,25.490196,19.607843,14270.0,9.44,43.52941,350.0,16.078432,0.015625,0.0,78.0,76.0,0.0,-0.0078125,0.0,1.0,100.0,0.0,0.0,0.0,5.0,0.0,0.0,null,14.506,-9.21619987487793
1023,23011501,0,20230115130658,37.3778321,127.2421425,36.0,1369.0,21.17647,19.607843,7930.0,5.05,43.52941,350.0,16.078432,0.015625,0.0,51.0,78.0,0.0,-0.0078125,0.0,1.0,100.0,0.0,0.0,0.0,5.0,0.0,0.0,null,14.506,-9.565589904785156
1024,23011501,0,20230115130659,37.37786,127.2420227,35.0,1277.5,21.17647,16.470589,7930.0,5.05,43.52941,350.0,14.509804,0.015625,0.0,51.0,78.0,0.0,-0.0078125,0.0,1.0,100.0,0.0,0.0,0.0,5.0,0.0,0.0,null,14.506,-8.372479438781738
1025,23011501,0,20230115130700,37.3779086,127.2419239,35.0,1415.5,21.17647,16.470589,7930.0,6.44,43.52941,350.0,14.117647,0.015625,0.0,61.0,78.0,0.0,-0.0078125,0.0,1.0,100.0,0.0,0.0,0.0,5.0,0.0,0.0,null,14.506,-6.088258743286133
1026,23011501,0,20230115130701,37.3779704,127.2418373,36.0,1415.5,30.980392,26.27451,7930.0,15.58,43.52941,350.0,14.117647,0.015625,0.0,61.0,78.0,0.0,-0.0078125,0.0,0.0,100.0,0.0,0.0,0.0,5.0,0.0,0.0,null,14.506,-2.1385977268218994
1027,23011501,0,20230115130702,37.3780352,127.2417606,38.0,1484.0,30.980392,26.27451,20490.0,15.58,43.52941,350.0,38.039215,0.015625,0.0,93.0,78.0,0.0,-0.0078125,0.0,0.0,101.0,0.0,0.0,0.0,5.0,0.0,0.0,null,14.506,0.08402445167303085
1028,23011501,0,20230115130703,37.3781061,127.2416786,42.0,1639.0,35.686275,26.27451,20490.0,22.3,43.52941,350.0,38.039215,0.015625,0.0,100.0,78.0,0.0,-0.0078125,0.0,0.0,101.0,0.0,0.0,0.0,5.0,0.0,0.0,null,14.506,0.6412723064422607
1029,23011501,0,20230115130704,37.3781784,127.2415922,43.0,1639.0,35.686275,36.862743,27290.0,26.47,43.52941,350.0,44.705883,0.015625,0.0,100.0,78.0,0.0,-0.0078125,0.0,0.0,101.0,0.0,0.0,0.0,4.0,0.0,0.0,null,14.506,-0.030201224610209465
1030,23011501,0,20230115130705,37.378258,127.2414957,46.0,1804.5,21.17647,36.862743,27290.0,26.47,43.52941,350.0,29.80392,0.015625,0.0,97.0,78.0,0.0,-0.0078125,0.0,0.0,101.0,0.0,0.0,0.0,4.0,0.0,0.0,null,14.506,0.24281620979309082
1031,23011501,0,20230115130706,37.3783401,127.2413961,45.0,1790.0,21.17647,18.82353,27290.0,9.25,43.52941,350.0,29.80392,0.015625,0.0,30.0,78.0,0.0,-0.0078125,0.0,0.0,101.0,0.0,0.0,0.0,4.0,0.0,0.0,null,14.506,0.034555766731500626
1032,23011501,0,20230115130707,37.3784247,127.2412932,44.0,1790.0,14.509804,18.82353,10350.0,3.66,43.52941,350.0,7.45098,0.015625,0.0,30.0,78.0,0.0,-0.0078125,0.0,0.0,101.0,0.0,0.0,0.0,3.0,0.0,0.0,null,14.506,0.5095162391662598
1033,23011501,0,20230115130708,37.378506,127.2411924,41.0,1672.0,14.509804,18.82353,10350.0,3.66,43.52941,350.0,6.6666665,0.015625,0.0,27.0,78.0,0.0,-0.0078125,0.0,0.0,101.0,0.0,0.0,0.0,4.0,0.0,0.0,null,14.506,0.5831527709960938
1034,23011501,0,20230115130709,37.3785837,127.2410935,42.0,1844.0,14.509804,19.607843,13940.0,20.5,43.52941,350.0,6.6666665,0.015625,0.0,96.0,78.0,0.0,-0.0078125,0.0,0.0,101.0,0.0,0.0,0.0,4.0,0.0,0.0,null,14.506,0.6430573463439941
1035,23011501,0,20230115130710,37.3786554,127.2409999,44.0,1844.0,31.764706,31.37255,13940.0,22.66,43.52941,350.0,41.960785,0.015625,0.0,96.0,78.0,0.0,-0.0078125,0.0,0.0,101.0,0.0,0.0,0.0,4.0,0.0,0.0,null,14.506,0.8122817277908325
1036,23011501,0,20230115130711,37.378731,127.2408986,45.0,1524.0,31.764706,31.37255,18120.0,22.66,43.52941,350.0,20.392157,0.015625,0.0,89.0,81.0,0.0,-0.0078125,0.0,0.0,101.0,0.0,0.0,0.0,4.0,0.0,0.0,null,14.506,0.7465856075286865
1037,23011501,0,20230115130712,37.3788078,127.2407925,47.0,1758.5,36.862743,31.37255,18120.0,26.58,43.52941,350.0,48.235294,0.015625,0.0,104.0,81.0,0.0,-0.0078125,0.0,0.0,101.0,0.0,0.0,0.0,4.0,0.0,0.0,null,14.506,1.0057623386383057
1038,23011501,0,20230115130713,37.3788858,127.2406817,49.0,1758.5,36.862743,43.92157,30460.0,30.83,39.215687,350.0,48.235294,0.015625,0.0,104.0,81.0,0.0,-0.0078125,0.0,0.0,101.0,0.0,0.0,0.0,4.0,0.0,0.0,null,14.506,0.5288429856300354
1039,23011501,0,20230115130714,37.3789651,127.2405538,52.0,1887.0,37.64706,43.92157,30460.0,30.83,39.215687,350.0,55.294117,0.015625,0.0,116.0,81.0,0.0,-0.0078125,0.0,0.0,101.0,0.0,0.0,0.0,4.0,0.0,0.0,null,14.506,0.3577582836151123
1040,23011501,0,20230115130715,37.3790476,127.2404302,55.0,1889.0,37.64706,46.27451,30460.0,32.16,39.215687,350.0,50.980392,0.015625,0.0,116.0,81.0,0.0,-0.0078125,0.0,0.0,101.0,0.0,0.0,0.0,4.0,0.0,0.0,null,14.506,0.187503382563591
1041,23011501,0,20230115130716,37.3791347,127.2402996,56.0,1889.0,19.607843,46.27451,23660.0,15.58,39.215687,350.0,50.980392,0.015625,0.0,116.0,81.0,0.0,-0.0078125,0.0,0.0,101.0,0.0,0.0,0.0,3.0,0.0,0.0,null,14.553,0.048040878027677536
1042,23011501,0,20230115130717,37.3792262,127.2401618,55.0,1919.5,19.607843,16.078432,23660.0,15.58,39.215687,350.0,14.117647,0.015625,0.0,67.0,81.0,0.0,-0.0078125,0.0,0.0,101.0,0.0,0.0,0.0,3.0,0.0,0.0,null,14.553,-0.261189728975296
1043,23011501,0,20230115130718,37.3793178,127.2400242,55.0,1520.5,19.607843,16.078432,11970.0,5.38,39.215687,350.0,14.117647,0.0625,0.0,45.0,81.0,0.0,-0.0078125,0.0,0.0,101.0,0.0,0.0,0.0,3.0,0.0,0.0,null,14.553,0.05542771890759468
1044,23011501,0,20230115130719,37.379407,127.2398898,53.0,1520.5,14.509804,15.294118,11970.0,5.38,39.215687,350.0,11.764706,0.0625,0.0,45.0,81.0,0.0,-0.0078125,0.0,0.0,101.0,0.0,0.0,0.0,3.0,0.0,0.0,null,14.553,0.33131471276283264
1045,23011501,0,20230115130720,37.3794961,127.2397554,51.0,1459.0,14.509804,15.294118,8090.0,4.08,39.215687,350.0,6.27451,0.0625,0.0,24.0,81.0,0.0,-0.0078125,0.0,0.0,101.0,0.0,0.0,0.0,3.0,0.0,0.0,null,14.553,-0.2259780764579773
1046,23011501,0,20230115130721,37.3795831,127.2396247,49.0,1459.0,21.960785,15.294118,8090.0,6.19,39.215687,350.0,6.27451,0.0625,0.0,49.0,81.0,0.0,-0.0078125,0.0,0.0,101.0,0.0,0.0,0.0,3.0,0.0,0.0,null,14.553,-0.16007232666015625
1047,23011501,0,20230115130722,37.3796632,127.2395042,48.0,1388.5,21.960785,16.470589,8090.0,6.19,39.215687,350.0,12.941176,0.0625,0.0,49.0,81.0,0.0,-0.0078125,0.0,0.0,101.0,0.0,0.0,0.0,4.0,0.0,0.0,null,14.553,0.02677459642291069
1048,23011501,0,20230115130723,37.379743,127.2393835,47.0,1343.5,21.960785,16.470589,7850.0,6.02,39.215687,350.0,23.137255,0.0625,0.0,70.0,81.0,0.0,-0.0078125,0.0,0.0,101.0,0.0,0.0,0.0,4.0,0.0,0.0,null,14.553,0.0678977370262146
1049,23011501,0,20230115130724,37.3798227,127.2392627,48.0,1343.5,30.588236,26.666666,7850.0,18.88,39.215687,350.0,23.137255,0.0625,0.0,70.0,81.0,0.0,-0.0078125,0.0,0.0,101.0,0.0,0.0,0.0,5.0,0.0,0.0,null,14.553,0.01024499163031578
1050,23011501,0,20230115130725,37.3799001,127.2391452,49.0,1676.5,30.588236,26.666666,22930.0,18.88,39.215687,350.0,40.784313,0.0625,0.0,96.0,81.0,0.0,-0.0078125,0.0,0.0,101.0,0.0,0.0,0.0,4.0,0.0,0.0,null,14.553,0.07854606211185455
1051,23011501,0,20230115130726,37.3799797,127.2390243,51.0,1755.5,33.333332,26.666666,22930.0,22.91,39.215687,350.0,40.784313,0.0625,0.0,96.0,83.0,0.0,-0.0078125,0.0,0.0,101.0,0.0,0.0,0.0,4.0,0.0,0.0,null,14.553,-0.13814333081245422
1052,23011501,0,20230115130727,37.3800595,127.2389037,51.0,1755.5,33.333332,18.82353,11950.0,7.61,39.215687,350.0,27.843138,0.0625,0.0,96.0,83.0,0.0,-0.0078125,0.0,0.0,101.0,0.0,0.0,0.0,4.0,0.0,0.0,null,14.553,0.05021556094288826
1053,23011501,0,20230115130728,37.3801441,127.2387763,50.0,1744.0,21.960785,18.82353,11950.0,7.61,39.215687,350.0,12.941176,0.0625,0.0,54.0,83.0,0.0,-0.0078125,0.0,0.0,101.0,0.0,0.0,0.0,4.0,0.0,0.0,null,14.553,-0.09714498370885849
1054,23011501,0,20230115130729,37.3802286,127.2386489,49.0,1704.0,21.960785,16.862745,11950.0,6.8,39.215687,350.0,13.333333,0.0625,0.0,52.0,83.0,0.0,-0.0078125,0.0,0.0,101.0,0.0,0.0,0.0,4.0,0.0,0.0,null,14.553,-0.05564152076840401
1055,23011501,0,20230115130730,37.3803089,127.2385169,48.0,1704.0,21.960785,16.862745,8650.0,6.69,39.215687,350.0,13.333333,0.0625,0.0,52.0,83.0,0.0,-0.0078125,0.0,0.0,100.0,0.0,0.0,0.0,4.0,0.0,0.0,null,14.553,-0.05523029714822769
1056,23011501,0,20230115130731,37.3803891,127.2383966,47.0,1654.0,21.960785,16.862745,8650.0,6.69,39.215687,350.0,13.333333,0.0625,0.0,54.0,83.0,0.0,-0.0078125,0.0,0.0,100.0,0.0,0.0,0.0,4.0,0.0,0.0,null,14.553,0.11934997141361237
1057,23011501,0,20230115130732,37.3804691,127.2382762,47.0,1623.5,21.960785,16.862745,8420.0,7.63,39.215687,350.0,13.333333,0.0625,0.0,84.0,83.0,0.0,-0.0078125,0.0,0.0,100.0,0.0,0.0,0.0,4.0,0.0,0.0,null,14.553,0.10205811262130737
1058,23011501,0,20230115130733,37.3805467,127.2381591,47.0,1623.5,29.80392,24.705883,8420.0,14.75,39.215687,350.0,25.490196,0.0625,0.0,84.0,83.0,0.0,-0.0078125,0.0,0.0,100.0,0.0,0.0,0.0,5.0,0.0,0.0,null,14.553,0.34399664402008057
1059,23011501,0,20230115130734,37.3806237,127.2380413,48.0,1646.5,29.80392,24.705883,16300.0,14.75,39.215687,350.0,30.19608,0.0625,0.0,90.0,83.0,0.0,-0.0078125,0.0,0.0,100.0,0.0,0.0,0.0,5.0,0.0,0.0,null,14.553,0.15125106275081635
1060,23011501,0,20230115130735,37.3807,127.237923,49.0,1677.5,29.80392,24.705883,16300.0,16.66,39.215687,350.0,30.19608,0.0625,0.0,88.0,83.0,0.0,-0.0078125,0.0,0.0,100.0,0.0,0.0,0.0,5.0,0.0,0.0,null,14.553,0.15119163691997528
1061,23011501,0,20230115130736,37.380779,127.2378015,48.0,1677.5,29.80392,18.039215,9440.0,7.0,39.215687,350.0,21.960785,0.0625,0.0,88.0,83.0,0.0,-0.0078125,0.0,0.0,100.0,0.0,0.0,0.0,4.0,0.0,0.0,null,14.553,-0.2362639456987381
1062,23011501,0,20230115130737,37.3808587,127.2376808,48.0,1664.5,21.960785,16.862745,9440.0,7.0,39.215687,350.0,12.54902,0.0625,0.0,54.0,83.0,0.0,-0.0078125,0.0,0.0,100.0,0.0,0.0,0.0,4.0,0.0,0.0,null,14.553,-0.053324952721595764
1063,23011501,0,20230115130738,37.3809373,127.2375648,47.0,1629.0,21.960785,16.862745,9440.0,6.55,39.215687,350.0,16.078432,0.0625,0.0,53.0,83.0,0.0,-0.0078125,0.0,0.0,100.0,0.0,0.0,0.0,4.0,0.0,0.0,null,14.553,0.1932900846004486
1064,23011501,0,20230115130739,37.381017,127.23745,47.0,1629.0,28.62745,16.862745,12990.0,13.0,39.215687,350.0,16.078432,0.0625,0.0,90.0,84.0,0.0,-0.0078125,0.0,0.0,100.0,0.0,0.0,0.0,4.0,0.0,0.0,null,14.553,0.10244512557983398
1065,23011501,0,20230115130740,37.3810977,127.2373363,48.0,1639.0,28.62745,16.470589,12990.0,13.0,40.784313,350.0,21.17647,0.0625,0.0,90.0,84.0,0.0,-0.0078125,0.0,0.0,100.0,0.0,0.0,0.0,5.0,0.0,0.0,null,14.553,-0.7910479307174683
1066,23011501,0,20230115130741,37.3811801,127.2372245,47.0,1614.0,28.62745,16.470589,8630.0,5.19,40.784313,350.0,21.17647,0.0625,0.0,41.0,84.0,0.0,-0.0078125,0.0,0.0,100.0,0.0,0.0,0.0,5.0,0.0,0.0,null,14.553,-0.7771551609039307
1067,23011501,0,20230115130742,37.381267,127.2371121,46.0,1614.0,19.607843,16.078432,8630.0,5.19,40.784313,350.0,11.372549,0.0625,0.0,41.0,84.0,0.0,-0.0078125,0.0,0.0,100.0,0.0,0.0,0.0,4.0,0.0,0.0,null,14.553,-1.1324760913848877
1068,23011501,0,20230115130743,37.3813511,127.2370088,46.0,1295.0,19.607843,16.078432,8630.0,5.33,40.784313,350.0,11.764706,0.0625,0.0,48.0,84.0,0.0,-0.0078125,0.0,0.0,100.0,0.0,0.0,0.0,5.0,0.0,0.0,null,14.553,-0.6433109045028687
1069,23011501,0,20230115130744,37.3814371,127.2369079,45.0,1295.0,26.27451,16.078432,8520.0,8.69,40.784313,350.0,11.764706,0.0625,0.0,87.0,84.0,0.0,-0.0078125,0.0,0.0,100.0,0.0,0.0,0.0,5.0,0.0,0.0,null,14.506,0.233236163854599
1070,23011501,0,20230115130745,37.3815252,127.23681,46.0,1303.5,26.27451,21.568628,8520.0,8.69,40.784313,350.0,21.568628,0.0234375,0.0,87.0,84.0,0.0,-0.0078125,0.0,0.0,100.0,0.0,0.0,0.0,5.0,0.0,0.0,null,14.506,-0.7186213731765747
1071,23011501,0,20230115130746,37.3816152,127.2367148,47.0,1330.0,26.27451,21.568628,12280.0,9.77,40.784313,350.0,28.62745,0.0234375,0.0,92.0,84.0,0.0,-0.0078125,0.0,0.0,100.0,0.0,0.0,0.0,5.0,0.0,0.0,null,14.506,-1.1834203004837036
1072,23011501,0,20230115130747,37.3817033,127.2366111,48.0,1330.0,30.980392,26.27451,12280.0,14.16,40.784313,350.0,28.62745,0.0234375,0.0,94.0,84.0,0.0,-0.0078125,0.0,0.0,100.0,0.0,0.0,0.0,5.0,0.0,0.0,null,14.506,-0.9024840593338013
1073,23011501,0,20230115130748,37.3818001,127.2365194,49.0,1358.5,30.980392,26.27451,13760.0,14.16,40.784313,350.0,33.72549,0.0234375,0.0,94.0,84.0,0.0,-0.0078125,0.0,0.0,100.0,0.0,0.0,0.0,5.0,0.0,0.0,null,14.506,-0.9561764001846313
1074,23011501,0,20230115130749,37.3819017,127.2364284,49.0,1394.5,17.647058,26.27451,13760.0,7.55,40.784313,350.0,12.941176,0.0234375,0.0,66.0,84.0,0.0,-0.0078125,0.0,0.0,100.0,0.0,0.0,0.0,4.0,0.0,0.0,null,14.506,0.5108526945114136
1075,23011501,0,20230115130750,37.3820051,127.2363405,49.0,1385.5,17.647058,15.686275,7930.0,4.91,40.784313,350.0,12.941176,0.0234375,0.0,46.0,84.0,0.0,-0.0078125,0.0,0.0,100.0,0.0,0.0,0.0,4.0,0.0,0.0,null,14.506,-0.9289220571517944
1076,23011501,0,20230115130751,37.3821136,127.2362538,49.0,1385.5,20.0,15.686275,7930.0,4.91,40.784313,350.0,11.764706,0.0234375,0.0,46.0,84.0,0.0,-0.0078125,0.0,0.0,100.0,0.0,0.0,0.0,5.0,0.0,0.0,null,14.506,-1.6103688478469849
1077,23011501,0,20230115130752,37.382221,127.2361734,49.0,1383.5,20.0,16.078432,7930.0,8.58,40.784313,350.0,22.352942,0.0234375,0.0,85.0,84.0,0.0,-0.0078125,0.0,0.0,100.0,0.0,0.0,0.0,5.0,0.0,0.0,null,14.506,-0.8973320722579956
1078,23011501,0,20230115130753,37.3823339,127.2360962,51.0,1383.5,27.450981,16.078432,12420.0,10.41,40.784313,350.0,22.352942,0.0234375,0.0,85.0,86.0,0.0,-0.0078125,0.0,0.0,100.0,0.0,0.0,0.0,5.0,0.0,0.0,null,14.506,-0.9793106913566589
1079,23011501,0,20230115130754,37.3824485,127.2360228,52.0,1443.5,27.450981,17.254902,12420.0,10.41,40.784313,350.0,21.960785,0.0234375,0.0,90.0,86.0,0.0,-0.0078125,0.0,0.0,100.0,0.0,0.0,0.0,5.0,0.0,0.0,null,14.506,-0.9225655198097229
1080,23011501,0,20230115130755,37.3825649,127.2359541,52.0,1463.5,27.450981,17.254902,8010.0,7.05,40.784313,350.0,15.686275,0.0234375,0.0,69.0,86.0,0.0,-0.0078125,0.0,0.0,100.0,0.0,0.0,0.0,5.0,0.0,0.0,null,14.506,-0.9431304931640625
1081,23011501,0,20230115130756,37.3826896,127.2358866,53.0,1463.5,24.705883,17.647058,8010.0,7.88,40.784313,350.0,15.686275,0.0234375,0.0,73.0,86.0,0.0,-0.0078125,0.0,1.0,100.0,0.0,0.0,0.0,5.0,0.0,0.0,null,14.506,-0.6740303039550781
1082,23011501,0,20230115130757,37.382816,127.235824,54.0,1493.5,24.705883,17.647058,8050.0,7.88,40.784313,350.0,17.254902,0.0234375,0.0,73.0,86.0,0.0,-0.0078125,0.0,1.0,100.0,0.0,0.0,0.0,5.0,0.0,0.0,null,14.506,-0.6582663059234619
1083,23011501,0,20230115130758,37.3829437,127.2357657,53.0,1493.5,14.509804,17.647058,8050.0,3.91,40.784313,350.0,6.27451,0.0234375,0.0,22.0,86.0,0.0,-0.0078125,0.0,1.0,100.0,0.0,0.0,0.0,5.0,0.0,0.0,null,14.506,-1.0373932123184204
1084,23011501,0,20230115130759,37.3830727,127.2357121,53.0,1493.5,14.509804,14.117647,8240.0,3.19,40.784313,350.0,6.27451,0.0234375,0.0,34.0,86.0,0.0,-0.0078125,0.0,1.0,100.0,0.0,0.0,0.0,5.0,0.0,0.0,null,14.506,-1.2098727226257324
1085,23011501,0,20230115130800,37.3832063,127.2356621,54.0,1496.0,29.019608,23.921568,8240.0,3.19,40.784313,350.0,18.431372,0.0234375,0.0,34.0,86.0,0.0,-0.0078125,0.0,1.0,100.0,0.0,0.0,0.0,5.0,0.0,0.0,null,14.506,-1.43361496925354
1086,23011501,0,20230115130801,37.3833378,127.235619,55.0,1562.5,29.019608,23.921568,8240.0,13.86,40.784313,350.0,29.411764,0.0234375,0.0,90.0,86.0,0.0,-0.0078125,0.0,1.0,100.0,0.0,0.0,0.0,5.0,0.0,0.0,null,14.506,-0.973283588886261
1087,23011501,0,20230115130802,37.3834738,127.2355807,58.0,1616.5,29.411764,23.921568,15360.0,15.05,40.784313,350.0,29.411764,0.0234375,0.0,89.0,86.0,0.0,-0.0078125,0.0,1.0,100.0,0.0,0.0,0.0,5.0,0.0,0.0,null,14.506,-0.9387220740318298
1088,23011501,0,20230115130803,37.3836178,127.2355453,59.0,1616.5,29.411764,15.294118,9130.0,15.05,40.784313,350.0,24.313726,0.0234375,0.0,89.0,86.0,0.0,-0.0078125,0.0,1.0,100.0,0.0,0.0,0.0,5.0,0.0,0.0,null,14.506,-0.8761121034622192
1089,23011501,0,20230115130804,37.383766,127.2355143,59.0,1301.5,14.509804,15.294118,9130.0,3.63,40.784313,350.0,7.45098,0.0234375,0.0,28.0,86.0,0.0,-0.0078125,0.0,1.0,100.0,0.0,0.0,0.0,5.0,0.0,0.0,null,14.506,-1.105858325958252
1090,23011501,0,20230115130805,37.383915,127.2354888,58.0,1262.5,14.509804,14.117647,9130.0,3.02,40.784313,350.0,6.6666665,0.0234375,0.0,23.0,86.0,0.0,-0.0078125,0.0,1.0,100.0,0.0,0.0,0.0,5.0,0.0,0.0,null,14.506,-1.493207335472107
1091,23011501,0,20230115130806,37.3840646,127.2354713,58.0,1262.5,14.509804,14.117647,8090.0,2.61,40.784313,350.0,6.6666665,0.0234375,0.0,24.0,86.0,0.0,-0.0078125,0.0,1.0,100.0,0.0,0.0,0.0,5.0,0.0,0.0,null,14.506,-1.197318196296692
1092,23011501,0,20230115130807,37.3842147,127.2354614,58.0,1291.0,14.509804,13.725491,8090.0,2.61,42.35294,350.0,6.27451,0.0234375,0.0,24.0,86.0,0.0,-0.0078125,0.0,1.0,100.0,0.0,0.0,0.0,5.0,0.0,0.0,null,14.506,-1.025193452835083
1093,23011501,0,20230115130808,37.384365,127.235458,57.0,1276.0,14.509804,13.725491,8370.0,2.72,42.35294,350.0,6.27451,0.0234375,0.0,24.0,86.0,0.0,-0.0078125,0.0,1.0,100.0,0.0,0.0,0.0,5.0,0.0,0.0,null,14.506,-0.9344044327735901
1094,23011501,0,20230115130809,37.3845117,127.2354601,57.0,1276.0,14.509804,13.725491,8370.0,2.72,42.35294,350.0,6.27451,0.0234375,0.0,24.0,86.0,0.0,-0.0078125,0.0,1.0,100.0,0.0,0.0,0.0,5.0,0.0,0.0,null,14.506,-0.6783255338668823
1095,23011501,0,20230115130810,37.3846615,127.2354544,57.0,1263.0,14.509804,13.725491,8620.0,2.72,42.35294,350.0,6.27451,0.0234375,0.0,24.0,86.0,0.0,-0.0078125,0.0,1.0,100.0,0.0,0.0,0.0,5.0,0.0,0.0,null,14.53,-0.25011980533599854
1096,23011501,0,20230115130811,37.3848044,127.2354617,56.0,1245.5,14.509804,13.725491,8620.0,2.66,42.35294,350.0,6.27451,0.0234375,0.0,24.0,86.0,0.0,-0.0078125,0.0,1.0,100.0,0.0,0.0,0.0,5.0,0.0,0.0,null,14.53,-0.18273745477199554
1097,23011501,0,20230115130812,37.3849509,127.2354714,56.0,1245.5,14.509804,13.725491,8790.0,2.69,42.35294,350.0,5.882353,0.0,0.0,24.0,86.0,0.0,-0.0078125,0.0,1.0,100.0,0.0,0.0,0.0,5.0,0.0,0.0,null,14.53,-0.07279333472251892
1098,23011501,0,20230115130813,37.3850973,127.2354818,56.0,1240.0,14.509804,13.725491,8790.0,2.69,42.35294,350.0,5.882353,0.0,0.0,24.0,86.0,0.0,-0.0078125,0.0,1.0,100.0,0.0,0.0,0.0,5.0,0.0,0.0,null,14.53,-0.04096511751413345
1099,23011501,0,20230115130814,37.3852402,127.2354917,56.0,1231.5,14.509804,13.725491,8790.0,2.58,42.35294,350.0,5.882353,0.0,0.0,24.0,86.0,0.0,-0.0078125,0.0,1.0,100.0,0.0,0.0,0.0,5.0,0.0,0.0,null,14.53,0.10670708119869232
1100,23011501,0,20230115130815,37.3853831,127.2355012,55.0,1231.5,14.509804,13.725491,8990.0,2.58,42.35294,350.0,6.27451,0.0,0.0,24.0,86.0,0.0,0.0,0.0,1.0,100.0,0.0,0.0,0.0,5.0,0.0,0.0,null,14.53,-0.43872299790382385
1101,23011501,0,20230115130816,37.385526,127.23551,55.0,1217.0,14.509804,13.725491,8990.0,2.58,42.35294,350.0,6.27451,0.0,0.0,24.0,86.0,0.0,0.0,0.0,1.0,100.0,0.0,0.0,0.0,5.0,0.0,0.0,null,14.53,-0.12032129615545273
1102,23011501,0,20230115130817,37.3856689,127.2355187,53.0,1171.5,14.509804,13.725491,9130.0,2.5,42.35294,350.0,6.27451,0.0,0.0,24.0,86.0,0.0,0.0,0.0,1.0,100.0,0.0,0.0,0.0,5.0,0.0,0.0,null,14.53,-0.02091076411306858
1103,23011501,0,20230115130818,37.3858082,127.2355274,51.0,1171.5,14.509804,13.333333,9130.0,2.5,42.35294,350.0,6.27451,0.0,0.0,24.0,86.0,0.0,0.0,0.0,1.0,100.0,0.0,0.0,0.0,5.0,0.0,0.0,null,14.53,-0.05430899187922478
1104,23011501,0,20230115130819,37.385944,127.2355362,51.0,1428.0,14.509804,13.333333,9130.0,2.61,42.35294,350.0,6.27451,0.0,0.0,23.0,86.0,0.0,0.0,0.0,1.0,100.0,0.0,0.0,0.0,5.0,0.0,0.0,null,14.53,-0.09813246876001358
1105,23011501,0,20230115130820,37.3860725,127.2355445,51.0,1446.0,18.431372,13.333333,8160.0,4.33,42.35294,350.0,6.27451,0.0,0.0,46.0,84.0,0.0,0.0,0.0,1.0,100.0,0.0,0.0,0.0,5.0,0.0,0.0,null,14.53,-0.07708171010017395
1106,23011501,0,20230115130821,37.3862046,127.2355535,52.0,1446.0,18.431372,16.078432,8000.0,4.33,42.35294,350.0,14.90196,0.0,0.0,46.0,84.0,0.0,0.0,0.0,1.0,100.0,0.0,0.0,0.0,6.0,0.0,0.0,null,14.53,-0.01586371473968029
1107,23011501,0,20230115130822,37.3863367,127.2355624,52.0,1458.0,18.431372,16.078432,8000.0,4.16,42.35294,350.0,9.803922,0.0,0.0,23.0,84.0,0.0,0.0,0.0,1.0,100.0,0.0,0.0,0.0,5.0,0.0,0.0,null,14.53,0.13050983846187592
1108,23011501,0,20230115130823,37.3864724,127.2355714,53.0,1458.0,24.313726,18.039215,8000.0,8.44,42.35294,350.0,9.803922,0.0,0.0,66.0,84.0,0.0,0.0,0.0,1.0,100.0,0.0,0.0,0.0,5.0,0.0,0.0,null,14.53,0.26029640436172485
1109,23011501,0,20230115130824,37.3866044,127.2355803,53.0,1491.0,24.313726,18.039215,7960.0,8.44,42.35294,350.0,12.941176,0.0,0.0,66.0,84.0,0.0,0.0,0.0,1.0,100.0,0.0,0.0,0.0,5.0,0.0,0.0,null,14.53,-0.023034783080220222
1110,23011501,0,20230115130825,37.3867436,127.2355901,53.0,1474.5,14.509804,18.039215,7960.0,3.08,42.35294,350.0,5.882353,0.0,0.0,21.0,84.0,0.0,0.0,0.0,1.0,100.0,0.0,0.0,0.0,5.0,0.0,0.0,null,14.53,0.13262245059013367
1111,23011501,0,20230115130826,37.3868793,127.2355996,52.0,1474.5,14.509804,14.117647,8200.0,3.22,42.35294,350.0,5.882353,0.0,0.0,24.0,84.0,0.0,0.0,0.0,1.0,100.0,0.0,0.0,0.0,5.0,0.0,0.0,null,14.53,0.49132204055786133
1112,23011501,0,20230115130827,37.3870149,127.2356089,52.0,1456.5,14.509804,14.117647,8200.0,3.22,42.35294,350.0,6.27451,0.0,0.0,24.0,84.0,0.0,0.0,0.0,1.0,100.0,0.0,0.0,0.0,5.0,0.0,0.0,null,14.53,-0.04260478913784027
1113,23011501,0,20230115130828,37.387147,127.235618,49.0,1400.0,14.509804,14.117647,8200.0,3.05,42.35294,350.0,6.27451,0.0,0.0,24.0,84.0,0.0,0.0,0.0,1.0,100.0,0.0,0.0,0.0,5.0,0.0,0.0,null,14.53,-0.03834313526749611
1114,23011501,0,20230115130829,37.3872791,127.2356269,45.0,1400.0,14.509804,14.117647,8400.0,2.8,42.35294,350.0,6.27451,0.0,0.0,24.0,84.0,0.0,0.0,0.0,1.0,100.0,0.0,0.0,0.0,5.0,0.0,0.0,null,14.53,-0.05403143912553787
1115,23011501,0,20230115130830,37.3874004,127.2356347,43.0,1250.0,14.509804,13.725491,8400.0,2.8,42.35294,350.0,6.27451,0.0,0.0,24.0,84.0,0.0,0.0,0.0,1.0,100.0,0.0,0.0,0.0,5.0,0.0,0.0,null,14.53,0.14311082661151886
1116,23011501,0,20230115130831,37.3875146,127.2356422,42.0,1450.0,14.509804,13.725491,8520.0,3.08,42.35294,350.0,6.27451,0.0,0.0,23.0,84.0,0.0,0.0,0.0,1.0,100.0,0.0,0.0,0.0,5.0,0.0,0.0,null,14.53,-0.10367948561906815
1117,23011501,0,20230115130832,37.3876232,127.235638,41.0,1386.5,14.509804,14.117647,8520.0,2.91,42.35294,350.0,6.27451,0.0,0.0,24.0,84.0,0.0,0.0,0.0,1.0,100.0,0.0,0.0,0.0,5.0,0.0,0.0,null,14.53,-0.10400912910699844
1118,23011501,0,20230115130833,37.3877303,127.235645,40.0,1386.5,14.509804,14.117647,8670.0,2.91,42.35294,350.0,6.27451,0.0,0.0,24.0,83.0,0.0,0.0,0.0,1.0,100.0,0.0,0.0,0.0,6.0,0.0,0.0,null,14.53,0.08937394618988037
1119,23011501,0,20230115130834,37.3878338,127.2356517,39.0,1357.0,14.509804,14.117647,8670.0,2.94,42.35294,350.0,6.27451,0.0,0.0,24.0,83.0,0.0,0.0,0.0,1.0,100.0,0.0,0.0,0.0,6.0,0.0,0.0,null,14.53,0.1746702939271927
1120,23011501,0,20230115130835,37.3879372,127.2356584,38.0,1357.0,14.509804,14.117647,8770.0,2.83,44.313725,350.0,6.27451,0.0,0.0,24.0,83.0,0.0,0.0,0.0,1.0,100.0,0.0,0.0,0.0,6.0,0.0,0.0,null,14.53,0.08426903933286667
1121,23011501,0,20230115130836,37.3880371,127.2356649,37.0,1303.0,14.509804,14.117647,8770.0,2.83,44.313725,350.0,6.27451,0.0,0.0,24.0,83.0,0.0,0.0,0.0,1.0,100.0,0.0,0.0,0.0,6.0,0.0,0.0,null,14.53,-0.041618626564741135
1122,23011501,0,20230115130837,37.3881334,127.2356716,36.0,1235.0,14.509804,13.725491,8770.0,2.66,44.313725,350.0,6.27451,0.0,0.0,24.0,83.0,0.0,0.0,0.0,1.0,100.0,0.0,0.0,0.0,6.0,0.0,0.0,null,14.53,-0.32477062940597534
1123,23011501,0,20230115130838,37.3882297,127.2356787,35.0,1235.0,14.509804,13.725491,8930.0,2.66,44.313725,350.0,6.27451,0.0,0.0,24.0,83.0,0.0,0.0,0.0,1.0,100.0,0.0,0.0,0.0,6.0,0.0,0.0,null,14.412,1.0407414436340332
1124,23011501,0,20230115130839,37.3883188,127.2356851,34.0,1180.5,14.509804,13.725491,8930.0,2.55,44.313725,350.0,6.27451,0.0,0.0,23.0,83.0,0.0,0.0,0.0,1.0,100.0,0.0,0.0,0.0,6.0,0.0,0.0,null,14.412,-0.37040892243385315
1125,23011501,0,20230115130840,37.388408,127.2356916,32.0,1180.5,14.509804,13.725491,9030.0,2.41,44.313725,350.0,6.27451,0.0,0.0,24.0,83.0,0.0,0.0,0.0,1.0,100.0,0.0,0.0,0.0,6.0,0.0,0.0,null,14.412,0.29042017459869385
1126,23011501,0,20230115130841,37.3884936,127.2356978,32.0,1113.0,26.666666,18.82353,9030.0,2.41,44.313725,350.0,5.882353,0.0,0.0,24.0,83.0,0.0,0.0,0.0,1.0,100.0,0.0,0.0,0.0,6.0,0.0,0.0,null,14.412,-0.38016870617866516
1127,23011501,0,20230115130842,37.3885791,127.2357053,33.0,1591.5,26.666666,18.82353,9030.0,9.25,44.313725,350.0,23.137255,0.0,0.0,84.0,83.0,0.0,0.0,0.0,1.0,100.0,0.0,0.0,0.0,6.0,0.0,0.0,null,14.412,0.9399271607398987
1128,23011501,0,20230115130843,37.3886611,127.2357118,34.0,1591.5,21.960785,18.82353,8090.0,5.72,44.313725,350.0,23.137255,0.0,0.0,47.0,83.0,0.0,-0.0078125,0.0,1.0,100.0,0.0,0.0,0.0,6.0,0.0,0.0,null,14.412,1.1353195905685425
1129,23011501,0,20230115130844,37.3887467,127.2357172,34.0,1347.5,21.960785,14.90196,7890.0,5.72,44.313725,350.0,12.54902,0.0,0.0,47.0,83.0,0.0,-0.0078125,0.0,1.0,100.0,0.0,0.0,0.0,6.0,0.0,0.0,null,14.412,0.562323808670044
1130,23011501,0,20230115130845,37.3888322,127.2357225,33.0,1337.0,21.960785,14.90196,7890.0,3.41,44.313725,350.0,6.27451,0.0,0.0,22.0,83.0,0.0,-0.0078125,0.0,1.0,100.0,0.0,0.0,0.0,5.0,0.0,0.0,null,14.412,-0.882828414440155
1131,23011501,0,20230115130846,37.3889177,127.23573,32.0,1301.5,21.568628,16.078432,7890.0,5.69,44.313725,350.0,6.27451,0.0,0.0,37.0,83.0,0.0,-0.0078125,0.0,1.0,100.0,0.0,0.0,0.0,5.0,0.0,0.0,null,14.412,-0.7082731127738953
1132,23011501,0,20230115130847,37.389002,127.235729,33.0,1301.5,21.568628,16.078432,7920.0,5.69,44.313725,350.0,8.235294,0.0,0.0,37.0,82.0,0.0,-0.0078125,0.0,1.0,100.0,0.0,0.0,0.0,5.0,0.0,0.0,null,14.412,0.29867446422576904
1133,23011501,0,20230115130848,37.3890837,127.2357397,33.0,1312.5,22.745098,16.078432,7920.0,5.66,44.313725,350.0,15.686275,0.0,0.0,53.0,82.0,0.0,-0.0078125,0.0,1.0,100.0,0.0,0.0,0.0,5.0,0.0,0.0,null,14.412,0.5380006432533264
1134,23011501,0,20230115130849,37.3891689,127.2357503,34.0,1312.5,22.745098,18.431372,7930.0,5.3,44.313725,350.0,15.686275,0.0,0.0,51.0,82.0,0.0,-0.0078125,0.0,1.0,100.0,0.0,0.0,0.0,6.0,0.0,0.0,null,14.412,0.7596192359924316
1135,23011501,0,20230115130850,37.3892543,127.2357598,34.0,1360.0,20.0,18.431372,7930.0,5.3,44.313725,350.0,11.372549,0.0,0.0,51.0,82.0,0.0,-0.0078125,0.0,1.0,100.0,0.0,0.0,0.0,5.0,0.0,0.0,null,14.412,0.7642123699188232
1136,23011501,0,20230115130851,37.3893398,127.2357675,34.0,1372.0,20.0,15.686275,7930.0,5.33,44.313725,350.0,11.372549,0.0,0.0,42.0,82.0,0.0,-0.0078125,0.0,1.0,100.0,0.0,0.0,0.0,5.0,0.0,0.0,null,14.412,0.6549263000488281
1137,23011501,0,20230115130852,37.389429,127.2357737,33.0,1372.0,14.509804,15.686275,7900.0,2.88,44.313725,350.0,10.196078,0.0,0.0,42.0,82.0,0.0,-0.0078125,0.0,1.0,100.0,0.0,0.0,0.0,5.0,0.0,0.0,null,14.412,0.39524808526039124
1138,23011501,0,20230115130853,37.3895146,127.2357785,33.0,1313.5,14.509804,16.470589,7900.0,2.88,44.313725,350.0,7.45098,0.0,0.0,21.0,82.0,0.0,-0.0078125,0.0,1.0,100.0,0.0,0.0,0.0,5.0,0.0,0.0,null,14.412,0.029570413753390312
1139,23011501,0,20230115130854,37.3896003,127.2357828,33.0,1347.0,14.509804,16.470589,7860.0,5.8,44.313725,350.0,7.45098,0.0,0.0,55.0,82.0,0.0,-0.0078125,0.0,1.0,100.0,0.0,0.0,0.0,5.0,0.0,0.0,null,14.412,-0.09222112596035004
1140,23011501,0,20230115130855,37.3896859,127.2357871,33.0,1347.0,14.509804,14.509804,7860.0,3.55,44.313725,350.0,14.117647,0.0,0.0,55.0,82.0,0.0,-0.0078125,0.0,1.0,100.0,0.0,0.0,0.0,6.0,0.0,0.0,null,14.412,-1.1325448751449585
1141,23011501,0,20230115130856,37.3897715,127.2357922,31.0,1302.0,14.509804,14.509804,7920.0,3.55,44.313725,350.0,6.27451,0.0,0.0,23.0,82.0,0.0,-0.0078125,0.0,1.0,100.0,0.0,0.0,0.0,5.0,0.0,0.0,null,14.412,-1.6580404043197632
1142,23011501,0,20230115130857,37.3898535,127.2357988,31.0,1290.0,14.509804,14.509804,7920.0,2.83,44.313725,350.0,12.941176,0.0,0.0,26.0,82.0,0.0,-0.0078125,0.0,1.0,100.0,0.0,0.0,0.0,6.0,0.0,0.0,null,14.412,-0.6923946738243103
1143,23011501,0,20230115130858,37.3899355,127.2358062,33.0,1290.0,14.509804,22.745098,10760.0,10.58,44.313725,350.0,12.941176,0.0,0.0,69.0,82.0,0.0,-0.0078125,0.0,1.0,100.0,0.0,0.0,0.0,6.0,0.0,0.0,null,14.412,-0.35195571184158325
1144,23011501,0,20230115130859,37.3900173,127.2358142,34.0,1331.0,29.80392,22.745098,10760.0,10.58,44.313725,350.0,16.862745,0.0,0.0,69.0,82.0,0.0,-0.0078125,0.0,1.0,100.0,0.0,0.0,0.0,6.0,0.0,0.0,null,14.412,0.05396571382880211
1145,23011501,0,20230115130900,37.3901028,127.2358225,36.0,1528.5,29.80392,25.490196,10760.0,13.61,44.313725,350.0,23.529411,0.0,0.0,91.0,82.0,0.0,-0.0078125,0.0,1.0,100.0,0.0,0.0,0.0,6.0,0.0,0.0,null,14.412,-0.7009440064430237
1146,23011501,0,20230115130901,37.3901918,127.235831,36.0,1528.5,27.843138,25.490196,9360.0,11.27,44.313725,350.0,23.529411,0.0,0.0,91.0,83.0,0.0,-0.0078125,0.0,1.0,100.0,0.0,0.0,0.0,5.0,0.0,0.0,null,14.412,-0.6584762334823608
1147,23011501,0,20230115130902,37.3902808,127.235841,38.0,1554.0,27.843138,25.490196,9360.0,11.27,44.313725,350.0,22.352942,0.0,0.0,91.0,83.0,0.0,-0.0078125,0.0,1.0,100.0,0.0,0.0,0.0,5.0,0.0,0.0,null,14.412,-0.3509364128112793
1148,23011501,0,20230115130903,37.3903768,127.2358528,40.0,1554.0,27.843138,23.137255,13800.0,12.69,45.098038,350.0,22.352942,0.0,0.0,92.0,83.0,0.0,-0.0078125,0.0,1.0,100.0,0.0,0.0,0.0,5.0,0.0,0.0,null,14.412,1.3500539064407349
1149,23011501,0,20230115130904,37.3904765,127.2358624,41.0,1449.0,31.764706,23.137255,13800.0,12.69,45.098038,350.0,32.54902,0.0,0.0,92.0,83.0,0.0,-0.0078125,0.0,1.0,100.0,0.0,0.0,0.0,5.0,0.0,0.0,null,14.412,-0.10063134133815765
1150,23011501,0,20230115130905,37.3905799,127.2358702,44.0,1517.0,31.764706,27.843138,13800.0,18.33,45.098038,350.0,32.54902,0.0,0.0,91.0,83.0,0.0,-0.0078125,0.0,1.0,100.0,0.0,0.0,0.0,5.0,0.0,0.0,null,14.412,-0.2717251479625702
1151,23011501,0,20230115130906,37.3906905,127.2358795,46.0,1517.0,27.058823,27.843138,15600.0,18.33,45.098038,350.0,31.764706,0.0,0.0,91.0,83.0,0.0,-0.0078125,0.0,1.0,100.0,0.0,0.0,0.0,5.0,0.0,0.0,null,14.577,0.06262630969285965
1152,23011501,0,20230115130907,37.3908047,127.2358888,47.0,1601.0,27.058823,27.843138,15600.0,14.38,45.098038,350.0,17.647058,0.0,0.0,86.0,83.0,0.0,-0.0078125,0.0,1.0,100.0,0.0,0.0,0.0,5.0,0.0,0.0,null,14.577,0.10986588895320892
1153,23011501,0,20230115130908,37.390926,127.2358984,47.0,1601.0,27.058823,15.686275,8130.0,4.19,45.098038,350.0,17.647058,-0.0546875,0.0,26.0,83.0,0.0,-0.0078125,0.0,1.0,100.0,0.0,0.0,0.0,5.0,0.0,0.0,null,14.577,0.7576108574867249
1154,23011501,0,20230115130909,37.3910438,127.2359071,46.0,1323.0,14.509804,15.686275,8130.0,4.19,45.098038,350.0,7.0588236,-0.0546875,0.0,26.0,83.0,0.0,-0.0078125,0.0,1.0,100.0,0.0,0.0,0.0,5.0,0.0,0.0,null,14.577,0.6113095283508301
1155,23011501,0,20230115130910,37.3911652,127.2359154,45.0,1229.5,14.509804,13.725491,8130.0,2.72,45.098038,350.0,5.882353,-0.0546875,0.0,23.0,83.0,0.0,-0.0078125,0.0,1.0,100.0,0.0,0.0,0.0,5.0,0.0,0.0,null,14.577,0.06524278223514557
1156,23011501,0,20230115130911,37.3912829,127.235924,44.0,1229.5,14.509804,13.725491,8220.0,2.66,45.098038,350.0,5.882353,-0.0546875,0.0,23.0,83.0,0.0,0.0,0.0,1.0,100.0,0.0,0.0,0.0,5.0,0.0,0.0,null,14.577,-2.192727565765381
1157,23011501,0,20230115130912,37.3913966,127.2359389,43.0,1236.0,14.509804,15.294118,8220.0,2.66,45.098038,350.0,6.27451,-0.0546875,0.0,24.0,83.0,0.0,0.0,0.0,1.0,100.0,0.0,0.0,0.0,5.0,0.0,0.0,null,14.577,-3.882455825805664
1158,23011501,0,20230115130913,37.3915085,127.2359682,43.0,1219.5,14.509804,15.294118,8010.0,5.25,45.098038,350.0,6.27451,-0.0546875,0.0,51.0,83.0,0.0,0.0,0.0,1.0,100.0,0.0,0.0,0.0,5.0,0.0,0.0,null,14.577,-2.347079277038574
1159,23011501,0,20230115130914,37.3916142,127.2360097,43.0,1219.5,22.352942,16.078432,8010.0,5.36,45.098038,350.0,12.156863,-0.0546875,0.0,51.0,83.0,0.0,0.0,0.0,1.0,100.0,0.0,0.0,0.0,6.0,0.0,0.0,null,14.577,-1.85285484790802
1160,23011501,0,20230115130915,37.3917174,127.2360598,43.0,1224.0,22.352942,16.078432,11870.0,5.36,45.098038,350.0,12.941176,-0.0546875,0.0,56.0,83.0,0.0,0.0,0.0,1.0,100.0,0.0,0.0,0.0,6.0,0.0,0.0,null,14.577,-2.6278903484344482
1161,23011501,0,20230115130916,37.3918169,127.2361208,45.0,1253.5,32.54902,16.078432,11870.0,12.44,45.098038,350.0,12.941176,-0.0546875,0.0,95.0,84.0,0.0,0.0,0.0,1.0,100.0,0.0,0.0,0.0,6.0,0.0,0.0,null,14.577,-2.7638142108917236
1162,23011501,0,20230115130917,37.3919147,127.2361949,46.0,1253.5,32.54902,29.411764,16660.0,16.63,45.098038,350.0,35.294117,-0.0546875,0.0,95.0,84.0,0.0,0.0,0.0,1.0,100.0,0.0,0.0,0.0,6.0,0.0,0.0,null,14.577,-2.7412354946136475
1163,23011501,0,20230115130918,37.3920079,127.2362779,48.0,1318.5,32.54902,29.411764,16660.0,16.63,45.098038,350.0,41.568626,-0.0546875,0.0,97.0,84.0,0.0,0.0,0.0,1.0,100.0,0.0,0.0,0.0,5.0,0.0,0.0,null,14.577,-3.207364559173584
1164,23011501,0,20230115130919,37.3921013,127.2363753,49.0,1318.5,36.07843,50.19608,16660.0,23.69,45.098038,350.0,41.568626,-0.0546875,0.0,116.0,84.0,0.0,0.0,0.0,1.0,100.0,0.0,0.0,0.0,5.0,0.0,0.0,null,14.577,-2.2464487552642822
1165,23011501,0,20230115130920,37.3921906,127.236485,52.0,1415.5,36.07843,50.19608,23010.0,23.69,45.098038,350.0,52.54902,-0.0546875,0.0,116.0,84.0,0.0,0.0,0.0,1.0,100.0,0.0,0.0,0.0,5.0,0.0,0.0,null,14.577,-2.6849939823150635
1166,23011501,0,20230115130921,37.3922749,127.2366068,53.0,1482.0,34.901962,50.19608,23010.0,23.55,45.098038,350.0,38.82353,-0.0546875,0.0,105.0,84.0,0.0,0.0,0.0,1.0,100.0,0.0,0.0,0.0,5.0,0.0,0.0,null,14.577,-3.30134654045105
1167,23011501,0,20230115130922,37.3923547,127.2367445,53.0,1492.5,34.901962,23.921568,15010.0,14.83,45.098038,350.0,38.82353,-0.0546875,0.0,90.0,84.0,0.0,0.0,0.0,1.0,100.0,0.0,0.0,0.0,5.0,0.0,0.0,null,14.577,-2.738327741622925
1168,23011501,0,20230115130923,37.3924273,127.2368885,53.0,1492.5,30.19608,24.313726,15010.0,14.91,45.098038,350.0,27.843138,-0.0546875,0.0,90.0,84.0,0.0,0.0,0.0,1.0,100.0,0.0,0.0,0.0,5.0,0.0,0.0,null,14.577,-0.29541507363319397
1169,23011501,0,20230115130924,37.3924939,127.237037,53.0,1495.5,30.19608,24.313726,15010.0,14.91,45.098038,350.0,33.72549,-0.0546875,0.0,91.0,84.0,0.0,0.0,0.0,1.0,100.0,0.0,0.0,0.0,5.0,0.0,0.0,null,14.577,0.37886402010917664
1170,23011501,0,20230115130925,37.3925592,127.2371863,54.0,1518.5,32.54902,24.313726,16460.0,18.55,45.098038,350.0,33.72549,-0.0546875,0.0,93.0,84.0,0.0,0.0,0.0,1.0,100.0,0.0,0.0,0.0,5.0,0.0,0.0,null,14.577,-0.007599862292408943
1171,23011501,0,20230115130926,37.3926244,127.2373358,54.0,1518.5,32.54902,21.17647,13230.0,18.55,45.098038,350.0,28.235294,-0.0546875,0.0,93.0,84.0,0.0,0.0,0.0,1.0,100.0,0.0,0.0,0.0,5.0,0.0,0.0,null,14.577,0.1659860461950302
1172,23011501,0,20230115130927,37.3926911,127.2374894,53.0,1504.5,32.54902,21.17647,13230.0,10.88,45.098038,350.0,22.745098,-0.0546875,0.0,88.0,84.0,0.0,0.0,0.0,1.0,100.0,0.0,0.0,0.0,5.0,0.0,0.0,null,14.577,-0.10229887068271637
1173,23011501,0,20230115130928,37.3927561,127.237639,53.0,1504.5,23.921568,20.784313,13230.0,9.38,45.098038,350.0,22.745098,-0.0546875,0.0,48.0,84.0,0.0,0.0,0.0,1.0,100.0,0.0,0.0,0.0,5.0,0.0,0.0,null,14.577,-0.11798546463251114
1174,23011501,0,20230115130929,37.3928226,127.2377927,51.0,1492.0,23.921568,20.784313,7940.0,9.38,45.098038,350.0,9.019608,-0.0546875,0.0,48.0,87.0,0.0,0.0,0.0,1.0,100.0,0.0,0.0,0.0,5.0,0.0,0.0,null,14.577,-0.177199125289917
1175,23011501,0,20230115130930,37.3928946,127.2379397,50.0,1388.0,14.509804,20.784313,7940.0,3.0,45.098038,350.0,6.27451,-0.0546875,0.0,24.0,87.0,0.0,0.0,0.0,1.0,100.0,0.0,0.0,0.0,5.0,0.0,0.0,null,14.577,-0.8587764501571655
1176,23011501,0,20230115130931,37.3929537,127.238088,48.0,1388.0,14.509804,14.117647,8440.0,2.88,43.137257,350.0,6.27451,-0.0546875,0.0,24.0,87.0,0.0,0.0,0.0,1.0,100.0,0.0,0.0,0.0,5.0,0.0,0.0,null,14.577,-2.5683298110961914
1177,23011501,0,20230115130932,37.3930026,127.2382325,47.0,1346.0,14.509804,14.117647,8440.0,2.88,43.137257,350.0,6.27451,-0.0546875,0.0,24.0,87.0,0.0,0.0,0.0,1.0,100.0,0.0,0.0,0.0,5.0,0.0,0.0,null,14.577,-3.1237337589263916
1178,23011501,0,20230115130933,37.3930391,127.2383823,46.0,1295.5,14.509804,14.117647,8440.0,2.8,43.137257,350.0,6.27451,-0.0546875,0.0,24.0,87.0,0.0,0.0,0.0,1.0,100.0,0.0,0.0,0.0,5.0,0.0,0.0,null,14.577,-3.901270866394043
1179,23011501,0,20230115130934,37.3930611,127.238532,45.0,1295.5,14.509804,14.117647,8780.0,2.8,43.137257,350.0,6.27451,-0.0546875,0.0,24.0,87.0,0.0,0.0,0.0,1.0,100.0,0.0,0.0,0.0,5.0,0.0,0.0,null,14.53,-4.834420204162598
1180,23011501,0,20230115130935,37.3930705,127.2386794,46.0,1301.5,23.921568,14.117647,8780.0,6.61,43.137257,350.0,6.27451,-0.0546875,0.0,78.0,87.0,0.0,0.0,0.0,1.0,100.0,0.0,0.0,0.0,5.0,0.0,0.0,null,14.53,-3.278341054916382
1181,23011501,0,20230115130936,37.3930678,127.2388271,47.0,1301.5,23.921568,24.705883,15140.0,6.61,43.137257,350.0,25.09804,0.0078125,0.0,78.0,87.0,0.0,0.0,0.0,1.0,100.0,0.0,0.0,0.0,6.0,0.0,0.0,null,14.53,-3.296271562576294
1182,23011501,0,20230115130937,37.393054,127.2389738,49.0,1384.5,23.921568,24.705883,15140.0,14.5,43.137257,350.0,33.333332,0.0078125,0.0,95.0,87.0,0.0,0.0,0.0,1.0,100.0,0.0,0.0,0.0,6.0,0.0,0.0,null,14.53,-3.443243980407715
1183,23011501,0,20230115130938,37.3930276,127.2391271,52.0,1384.5,32.941177,28.62745,15140.0,19.11,43.137257,350.0,33.333332,0.0078125,0.0,95.0,87.0,0.0,0.0,0.0,1.0,100.0,0.0,0.0,0.0,5.0,0.0,0.0,null,14.53,-0.9847462773323059
1184,23011501,0,20230115130939,37.3929936,127.2392826,55.0,1490.0,32.941177,28.62745,25120.0,19.11,43.137257,350.0,43.92157,0.0078125,0.0,97.0,87.0,0.0,0.0,0.0,1.0,100.0,0.0,0.0,0.0,5.0,0.0,0.0,null,14.53,-0.043370019644498825
1185,23011501,0,20230115130940,37.3929565,127.2394512,57.0,1628.0,37.64706,28.62745,25120.0,26.33,43.137257,350.0,43.92157,0.0078125,0.0,114.0,87.0,0.0,0.0,0.0,1.0,100.0,0.0,0.0,0.0,5.0,0.0,0.0,null,14.53,0.2206033319234848
1186,23011501,0,20230115130941,37.3929192,127.2396243,61.0,1628.0,37.64706,63.92157,28920.0,26.33,43.137257,350.0,53.72549,0.0078125,0.0,114.0,87.0,0.0,0.0,0.0,1.0,100.0,0.0,0.0,0.0,5.0,0.0,0.0,null,14.53,0.612500011920929
1187,23011501,0,20230115130942,37.3928804,127.2398109,64.0,1795.5,37.64706,63.92157,28920.0,31.41,43.137257,350.0,56.47059,0.0078125,0.0,121.0,87.0,0.0,0.0,0.0,1.0,100.0,0.0,0.0,0.0,5.0,0.0,0.0,null,14.53,0.07968403398990631
1188,23011501,0,20230115130943,37.3928408,127.240002,68.0,1795.5,37.2549,55.294117,28920.0,34.36,43.137257,350.0,56.47059,0.0078125,0.0,117.0,87.0,0.0,0.0,0.0,1.0,100.0,0.0,0.0,0.0,5.0,0.0,0.0,null,14.53,0.18011605739593506
1189,23011501,0,20230115130944,37.3927964,127.2402101,70.0,1923.5,37.2549,55.294117,21940.0,34.36,43.137257,350.0,49.411766,0.0078125,0.0,117.0,87.0,0.0,0.0,0.0,1.0,100.0,0.0,0.0,0.0,4.0,0.0,0.0,null,14.53,0.6766558885574341
1190,23011501,0,20230115130945,37.3927499,127.2404223,72.0,2025.0,30.19608,55.294117,21940.0,21.36,43.137257,350.0,49.411766,0.0078125,0.0,93.0,88.0,0.0,0.0,0.0,1.0,100.0,0.0,0.0,0.0,4.0,0.0,0.0,null,14.53,0.08597204089164734
1191,23011501,0,20230115130946,37.3927004,127.2406474,74.0,2025.0,30.19608,26.666666,16160.0,21.36,43.137257,350.0,32.941177,0.0078125,0.0,93.0,88.0,0.0,0.0,0.0,1.0,100.0,0.0,0.0,0.0,4.0,0.0,0.0,null,14.53,-0.011879697442054749
1192,23011501,0,20230115130947,37.3926514,127.2408727,74.0,1654.0,30.19608,26.666666,16160.0,15.72,43.137257,350.0,31.37255,0.0078125,0.0,92.0,88.0,0.0,0.0,0.0,1.0,100.0,0.0,0.0,0.0,4.0,0.0,0.0,null,14.53,0.03649422898888588
1193,23011501,0,20230115130948,37.3926027,127.2411028,75.0,1654.0,29.80392,25.490196,16160.0,13.94,43.137257,350.0,31.37255,0.0078125,0.0,92.0,88.0,0.0,0.0,0.0,0.0,100.0,0.0,0.0,0.0,4.0,0.0,0.0,null,14.53,0.49138835072517395
1194,23011501,0,20230115130949,37.3925553,127.2413333,76.0,1364.0,29.80392,25.490196,16160.0,13.94,43.137257,350.0,23.529411,0.0078125,0.0,92.0,88.0,0.0,0.0,0.0,0.0,100.0,0.0,0.0,0.0,5.0,0.0,0.0,null,14.53,-0.6833232641220093
1195,23011501,0,20230115130950,37.3925078,127.2415731,76.0,1364.0,25.09804,25.490196,12980.0,9.55,43.137257,350.0,23.529411,0.0078125,0.0,80.0,88.0,0.0,0.0,0.0,0.0,100.0,0.0,0.0,0.0,5.0,0.0,0.0,null,14.53,0.3211640417575836
1196,23011501,0,20230115130951,37.3924634,127.2418093,75.0,1329.5,25.09804,14.509804,12980.0,9.55,43.137257,350.0,13.333333,0.0078125,0.0,80.0,88.0,0.0,0.0,0.0,0.0,100.0,0.0,0.0,0.0,4.0,0.0,0.0,null,14.53,0.31843066215515137
1197,23011501,0,20230115130952,37.3924221,127.2420462,74.0,1308.0,25.09804,14.509804,7950.0,2.86,43.137257,350.0,6.27451,0.0078125,0.0,22.0,88.0,0.0,0.0,0.0,0.0,100.0,0.0,0.0,0.0,4.0,0.0,0.0,null,14.53,-0.09612325578927994
1198,23011501,0,20230115130953,37.3923921,127.2422832,72.0,1308.0,14.509804,13.725491,7950.0,2.72,43.137257,350.0,6.27451,0.0078125,0.0,22.0,88.0,0.0,0.0,0.0,0.0,100.0,0.0,0.0,0.0,5.0,0.0,0.0,null,14.53,0.4399886131286621
1199,23011501,0,20230115130954,37.3923546,127.2425164,71.0,1278.5,14.509804,13.725491,8620.0,2.72,43.137257,350.0,6.27451,0.0078125,0.0,25.0,88.0,0.0,0.0,0.0,0.0,100.0,0.0,0.0,0.0,5.0,0.0,0.0,null,14.53,0.2504083216190338
1200,23011501,0,20230115130955,37.3923199,127.2427412,70.0,1253.5,21.17647,13.725491,8620.0,5.72,43.137257,350.0,6.27451,0.0078125,0.0,64.0,88.0,0.0,0.0,0.0,0.0,100.0,0.0,0.0,0.0,5.0,0.0,0.0,null,14.53,0.349161833524704
1201,23011501,0,20230115130956,37.3922863,127.2429662,70.0,1253.5,21.17647,25.882353,16210.0,5.72,43.137257,350.0,23.921568,0.0078125,0.0,64.0,88.0,0.0,0.0,0.0,0.0,100.0,0.0,0.0,0.0,5.0,0.0,0.0,null,14.53,0.03385920450091362
1202,23011501,0,20230115130957,37.3922541,127.2431914,71.0,1334.0,21.17647,25.882353,16210.0,14.72,43.137257,350.0,39.215687,0.0078125,0.0,96.0,88.0,0.0,0.0,0.0,0.0,100.0,0.0,0.0,0.0,5.0,0.0,0.0,null,14.53,0.386479914188385
1203,23011501,0,20230115130958,37.3922237,127.2434126,71.0,1334.0,32.941177,30.19608,16210.0,17.77,43.137257,350.0,39.215687,0.0078125,0.0,98.0,88.0,0.0,0.0,0.0,0.0,100.0,0.0,0.0,0.0,5.0,0.0,0.0,null,14.53,0.04343921318650246
1204,23011501,0,20230115130959,37.3921941,127.2436384,72.0,1341.5,32.941177,30.19608,18570.0,17.77,43.137257,350.0,42.7451,0.0078125,0.0,98.0,90.0,0.0,0.0,0.0,0.0,100.0,0.0,0.0,0.0,5.0,0.0,0.0,null,14.53,0.29122722148895264
1205,23011501,0,20230115131000,37.392166,127.2438644,73.0,1434.5,36.07843,30.19608,18570.0,23.05,43.137257,350.0,42.7451,0.0078125,0.0,117.0,90.0,0.0,0.0,0.0,0.0,100.0,0.0,0.0,0.0,5.0,0.0,0.0,null,14.53,0.4542665481567383
1206,23011501,0,20230115131001,37.3921391,127.2440953,74.0,1434.5,36.07843,70.98039,24680.0,33.44,41.568626,350.0,55.686275,0.0078125,0.0,117.0,90.0,0.0,0.0,0.0,0.0,100.0,0.0,0.0,0.0,5.0,0.0,0.0,null,14.53,0.2989148795604706
1207,23011501,0,20230115131002,37.3921136,127.244331,76.0,1866.5,42.7451,70.98039,24680.0,33.44,41.568626,350.0,85.4902,0.0078125,0.0,155.0,90.0,0.0,0.0,0.0,0.0,100.0,0.0,0.0,0.0,5.0,0.0,0.0,null,14.53,0.8571785688400269
1208,23011501,0,20230115131003,37.3920915,127.2445674,79.0,1752.0,42.7451,84.70588,24680.0,50.08,41.568626,350.0,81.960785,0.0078125,0.0,166.0,90.0,0.0,0.0,0.0,0.0,100.0,0.0,0.0,0.0,5.0,0.0,0.0,null,14.53,0.6872961521148682
1209,23011501,0,20230115131004,37.3920728,127.2448177,82.0,1829.5,43.92157,84.70588,31190.0,51.08,41.568626,350.0,81.960785,0.0078125,0.0,166.0,90.0,0.0,0.0,0.0,0.0,100.0,0.0,0.0,0.0,5.0,0.0,0.0,null,14.577,0.5878432393074036
1210,23011501,0,20230115131005,37.3920578,127.2450728,85.0,1829.5,43.92157,84.70588,31730.0,51.08,41.568626,350.0,81.960785,-0.0078125,0.0,166.0,90.0,0.0,0.0,0.0,0.0,100.0,0.0,0.0,0.0,4.0,0.0,0.0,null,14.577,0.06296070665121078
1211,23011501,0,20230115131006,37.3920511,127.2453471,88.0,1916.5,43.52941,84.70588,31730.0,51.44,41.568626,350.0,81.960785,-0.0078125,0.0,164.0,90.0,0.0,0.0,0.0,0.0,100.0,0.0,0.0,0.0,4.0,0.0,0.0,null,14.577,-0.11978552490472794
1212,23011501,0,20230115131007,37.3920362,127.2456202,91.0,1997.0,43.52941,84.70588,31730.0,49.22,41.568626,350.0,78.43137,-0.0078125,0.0,159.0,90.0,0.0,0.0,0.0,0.0,100.0,0.0,0.0,0.0,4.0,0.0,0.0,null,14.577,-0.17434163391590118
1213,23011501,0,20230115131008,37.3920194,127.2459067,93.0,2070.0,40.39216,84.70588,31930.0,45.47,41.568626,350.0,78.43137,-0.0078125,0.0,139.0,90.0,0.0,0.0,0.0,0.0,100.0,0.0,0.0,0.0,4.0,0.0,0.0,null,14.577,-0.19698603451251984
1214,23011501,0,20230115131009,37.3920009,127.2462022,95.0,2070.0,40.39216,82.745094,31780.0,44.61,41.568626,350.0,63.92157,-0.0078125,0.0,139.0,90.0,0.0,0.0,0.0,0.0,100.0,0.0,0.0,0.0,4.0,0.0,0.0,null,14.577,-0.050081003457307816
1215,23011501,0,20230115131010,37.3919807,127.2465022,97.0,2120.5,37.2549,82.745094,31780.0,44.61,41.568626,350.0,65.09804,-0.0078125,0.0,136.0,90.0,0.0,0.0,0.0,0.0,100.0,0.0,0.0,0.0,4.0,0.0,0.0,null,14.577,-0.22743184864521027
1216,23011501,0,20230115131011,37.3919582,127.246811,99.0,2144.5,37.2549,70.98039,31780.0,39.8,41.568626,350.0,59.60784,-0.0078125,0.0,125.0,90.0,0.0,0.0,0.0,0.0,100.0,0.0,0.0,0.0,3.0,0.0,0.0,null,14.577,-0.410147100687027
1217,23011501,0,20230115131012,37.3919339,127.2471195,99.0,1785.0,36.862743,70.98039,31880.0,40.27,41.568626,350.0,59.60784,-0.0078125,0.0,128.0,96.0,0.0,0.0,0.0,0.0,100.0,0.0,0.0,0.0,3.0,0.0,0.0,null,14.577,-0.06977961957454681
1218,23011501,0,20230115131013,37.3919077,127.247437,100.0,1785.0,36.862743,81.960785,30200.0,35.72,41.568626,350.0,60.39216,-0.0078125,0.0,128.0,96.0,0.0,0.0,0.0,0.0,100.0,0.0,0.0,0.0,3.0,0.0,0.0,null,14.577,0.011248676106333733
1219,23011501,0,20230115131014,37.3918811,127.2477545,100.0,1804.0,14.509804,81.960785,30200.0,35.72,41.568626,350.0,62.35294,-0.0078125,0.0,131.0,96.0,0.0,0.0,0.0,0.0,100.0,0.0,0.0,0.0,3.0,0.0,0.0,null,14.577,0.15280388295650482
1220,23011501,0,20230115131015,37.3918552,127.2480766,98.0,1706.0,14.509804,14.90196,30200.0,5.52,41.568626,350.0,5.882353,-0.0078125,0.0,24.0,96.0,0.0,0.0,0.0,0.0,100.0,0.0,0.0,0.0,3.0,0.0,0.0,null,14.577,0.12781523168087006
1221,23011501,0,20230115131016,37.3918301,127.2483988,97.0,1708.0,14.509804,14.90196,21180.0,3.5,41.568626,350.0,5.882353,-0.0078125,0.0,25.0,96.0,0.0,0.0,0.0,0.0,100.0,0.0,0.0,0.0,3.0,0.0,0.0,null,14.577,0.22731253504753113
1222,23011501,0,20230115131017,37.3918068,127.2487121,95.0,1708.0,14.509804,14.90196,21690.0,3.66,41.568626,350.0,5.882353,-0.0078125,0.0,25.0,96.0,0.0,0.0,0.0,0.0,100.0,0.0,0.0,0.0,3.0,0.0,0.0,null,14.577,0.2387525886297226
1223,23011501,0,20230115131018,37.3917854,127.249021,93.0,1667.5,14.509804,14.90196,21690.0,3.66,41.568626,350.0,5.490196,-0.0078125,0.0,27.0,96.0,0.0,0.0,0.0,0.0,100.0,0.0,0.0,0.0,4.0,0.0,0.0,null,14.577,0.1384548544883728
1224,23011501,0,20230115131019,37.3917724,127.2493297,91.0,1613.5,14.509804,14.509804,21690.0,3.55,41.568626,350.0,6.6666665,-0.0078125,0.0,32.0,96.0,0.0,0.0,0.0,0.0,100.0,0.0,0.0,0.0,4.0,0.0,0.0,null,14.577,-0.08708807826042175
1225,23011501,0,20230115131020,37.3917532,127.2496251,89.0,1613.5,14.509804,14.509804,22200.0,3.47,41.568626,350.0,6.6666665,-0.0078125,0.0,27.0,96.0,0.0,0.0,0.0,0.0,100.0,0.0,0.0,0.0,4.0,0.0,0.0,null,14.577,-0.009787660092115402
1226,23011501,0,20230115131021,37.3917344,127.2499159,88.0,1582.5,14.509804,14.509804,22480.0,3.47,41.568626,350.0,6.6666665,-0.0078125,0.0,27.0,96.0,0.0,0.0,0.0,0.0,100.0,0.0,0.0,0.0,5.0,0.0,0.0,null,14.577,0.306125283241272
1227,23011501,0,20230115131022,37.3917158,127.2502021,86.0,1543.0,14.509804,14.509804,22480.0,3.41,41.568626,350.0,6.6666665,-0.0078125,0.0,26.0,96.0,0.0,0.0,0.0,0.0,100.0,0.0,0.0,0.0,5.0,0.0,0.0,null,14.577,0.01368624996393919
1228,23011501,0,20230115131023,37.3916978,127.2504792,85.0,1507.0,14.509804,14.509804,22480.0,3.22,41.568626,350.0,6.27451,-0.0078125,0.0,26.0,96.0,0.0,0.0,0.0,0.0,100.0,0.0,0.0,0.0,5.0,0.0,0.0,null,14.577,-0.6529924869537354
1229,23011501,0,20230115131024,37.3916794,127.2507562,83.0,1507.0,14.509804,14.509804,22830.0,3.08,41.568626,350.0,6.27451,-0.0078125,0.0,26.0,97.0,0.0,0.0,0.0,0.0,100.0,0.0,0.0,0.0,5.0,0.0,0.0,null,14.577,-0.07640007138252258
1230,23011501,0,20230115131025,37.3916615,127.2510242,81.0,1458.0,14.509804,14.117647,22830.0,3.08,41.960785,350.0,6.27451,-0.0078125,0.0,27.0,97.0,0.0,0.0,0.0,0.0,100.0,0.0,0.0,0.0,5.0,0.0,0.0,null,14.577,0.16183528304100037
1231,23011501,0,20230115131026,37.391644,127.2512878,79.0,1422.5,14.509804,14.117647,23060.0,3.05,41.960785,350.0,6.27451,-0.0078125,0.0,27.0,97.0,0.0,0.0,0.0,0.0,100.0,0.0,0.0,0.0,5.0,0.0,0.0,null,14.577,-0.09589657187461853
1232,23011501,0,20230115131027,37.3916268,127.2515467,78.0,1384.5,14.509804,14.117647,23060.0,3.0,41.960785,350.0,6.27451,-0.0078125,0.0,27.0,97.0,0.0,0.0,0.0,0.0,100.0,0.0,0.0,0.0,5.0,0.0,0.0,null,14.577,0.1296161264181137
1233,23011501,0,20230115131028,37.39161,127.2518011,76.0,1384.5,14.509804,14.117647,23320.0,2.97,41.960785,350.0,6.27451,-0.0078125,0.0,26.0,97.0,0.0,0.0,0.0,0.0,100.0,0.0,0.0,0.0,5.0,0.0,0.0,null,14.506,-0.08280938863754272
1234,23011501,0,20230115131029,37.3915936,127.2520512,76.0,1352.0,14.509804,19.215687,23320.0,2.97,41.960785,350.0,6.6666665,-0.0078125,0.0,26.0,97.0,0.0,0.0,0.0,0.0,100.0,0.0,0.0,0.0,5.0,0.0,0.0,null,14.506,-0.0015996538568288088
1235,23011501,0,20230115131030,37.3915777,127.2522923,76.0,1346.5,14.509804,19.215687,18630.0,11.69,41.960785,350.0,29.411764,-0.0078125,0.0,94.0,97.0,0.0,0.0,0.0,0.0,100.0,0.0,0.0,0.0,5.0,0.0,0.0,null,14.506,-0.004111153539270163
1236,23011501,0,20230115131031,37.3915614,127.2525379,77.0,1358.0,34.117645,49.411766,18630.0,22.13,41.960785,350.0,51.372547,-0.0078125,0.0,112.0,97.0,0.0,0.0,0.0,0.0,100.0,0.0,0.0,0.0,5.0,0.0,0.0,null,14.506,-0.15244318544864655
1237,23011501,0,20230115131032,37.3915448,127.2527789,77.0,1383.5,36.47059,49.411766,19730.0,24.52,41.960785,350.0,51.372547,-0.0078125,0.0,121.0,97.0,0.0,0.0,0.0,0.0,100.0,0.0,0.0,0.0,5.0,0.0,0.0,null,14.506,-0.2255382090806961
1238,23011501,0,20230115131033,37.3915272,127.2530243,79.0,1383.5,36.47059,60.39216,20430.0,24.91,41.960785,350.0,54.901962,-0.0078125,0.0,121.0,97.0,0.0,0.0,0.0,0.0,100.0,0.0,0.0,0.0,5.0,0.0,0.0,null,14.506,-0.4687332808971405
1239,23011501,0,20230115131034,37.3915077,127.2532741,79.0,1403.5,36.47059,60.784313,20430.0,24.91,41.960785,350.0,54.117645,-0.0078125,0.0,121.0,97.0,0.0,0.0,0.0,0.0,100.0,0.0,0.0,0.0,5.0,0.0,0.0,null,14.506,-0.35530391335487366
1240,23011501,0,20230115131035,37.3914867,127.2535236,81.0,1431.5,36.47059,60.784313,20430.0,25.52,41.960785,350.0,53.333332,-0.0078125,0.0,121.0,97.0,0.0,0.0,0.0,0.0,100.0,0.0,0.0,0.0,4.0,0.0,0.0,null,14.506,-0.22110314667224884
1241,23011501,0,20230115131036,37.3914643,127.2537819,81.0,1443.5,32.156864,60.784313,20340.0,21.97,41.960785,350.0,53.333332,-0.0078125,0.0,103.0,96.0,0.0,0.0,0.0,0.0,100.0,0.0,0.0,0.0,4.0,0.0,0.0,null,14.506,-0.13818345963954926
1242,23011501,0,20230115131037,37.3914408,127.25404,82.0,1454.5,32.156864,25.09804,15710.0,15.27,41.960785,350.0,39.215687,-0.0078125,0.0,94.0,96.0,0.0,0.0,0.0,0.0,100.0,0.0,0.0,0.0,4.0,0.0,0.0,null,14.506,-0.08546100556850433
1243,23011501,0,20230115131038,37.3914157,127.254298,81.0,1454.5,14.509804,17.254902,15710.0,5.22,41.960785,350.0,28.235294,-0.0078125,0.0,94.0,96.0,0.0,0.0,0.0,0.0,100.0,0.0,0.0,0.0,4.0,0.0,0.0,null,14.506,-0.29275667667388916
1244,23011501,0,20230115131039,37.3913976,127.2545641,80.0,1432.5,14.509804,17.254902,8250.0,5.22,41.960785,350.0,7.8431373,-0.0078125,0.0,37.0,96.0,0.0,0.0,0.0,0.0,100.0,0.0,0.0,0.0,3.0,0.0,0.0,null,14.506,-0.2365865558385849
1245,23011501,0,20230115131040,37.3913704,127.2548171,78.0,1390.0,14.509804,17.254902,8250.0,2.94,41.960785,350.0,6.27451,-0.0078125,0.0,26.0,96.0,0.0,0.0,0.0,0.0,100.0,0.0,0.0,0.0,4.0,0.0,0.0,null,14.506,-0.1265631467103958
1246,23011501,0,20230115131041,37.3913415,127.25507,77.0,1385.5,14.509804,14.117647,9050.0,8.25,41.960785,350.0,26.666666,-0.0078125,0.0,85.0,96.0,0.0,0.0,0.0,0.0,100.0,0.0,0.0,0.0,4.0,0.0,0.0,null,14.506,0.1232457309961319
1247,23011501,0,20230115131042,37.3913126,127.2553183,77.0,1389.0,29.411764,28.235294,9050.0,14.44,41.960785,350.0,26.666666,-0.0078125,0.0,96.0,96.0,0.0,0.0,0.0,0.0,100.0,0.0,0.0,0.0,5.0,0.0,0.0,null,14.506,-0.012082019820809364
1248,23011501,0,20230115131043,37.3912831,127.2555665,78.0,1389.0,30.19608,28.235294,15310.0,14.8,41.960785,350.0,32.156864,-0.0078125,0.0,96.0,96.0,0.0,0.0,0.0,0.0,100.0,0.0,0.0,0.0,5.0,0.0,0.0,null,14.506,-0.05469405651092529
1249,23011501,0,20230115131044,37.3912532,127.2558146,78.0,1390.0,30.19608,28.235294,15410.0,14.8,41.960785,350.0,32.54902,-0.0078125,0.0,96.0,96.0,0.0,0.0,0.0,0.0,100.0,0.0,0.0,0.0,4.0,0.0,0.0,null,14.506,-0.5465248227119446
1250,23011501,0,20230115131045,37.3912219,127.2560625,78.0,1400.0,28.62745,28.235294,15410.0,14.8,41.960785,350.0,31.764706,-0.0078125,0.0,96.0,96.0,0.0,0.0,0.0,0.0,100.0,0.0,0.0,0.0,4.0,0.0,0.0,null,14.506,-0.38128378987312317
1251,23011501,0,20230115131046,37.391189,127.2563101,78.0,1401.0,28.62745,25.490196,10690.0,12.8,41.960785,350.0,23.529411,-0.0078125,0.0,95.0,96.0,0.0,0.0,0.0,0.0,100.0,0.0,0.0,0.0,4.0,0.0,0.0,null,14.506,0.025253573432564735
1252,23011501,0,20230115131047,37.3911548,127.2565574,77.0,1393.0,14.509804,25.490196,10690.0,5.77,41.960785,350.0,8.235294,-0.0078125,0.0,40.0,97.0,0.0,0.0,0.0,0.0,100.0,0.0,0.0,0.0,4.0,0.0,0.0,null,14.506,-0.24959497153759003
1253,23011501,0,20230115131048,37.3911189,127.2568043,76.0,1393.0,14.509804,14.117647,7950.0,2.86,42.7451,350.0,8.235294,-0.0078125,0.0,40.0,97.0,0.0,0.0,0.0,0.0,100.0,0.0,0.0,0.0,4.0,0.0,0.0,null,14.506,-0.014193087816238403
1254,23011501,0,20230115131049,37.3910825,127.2570466,75.0,1326.0,14.509804,14.117647,7950.0,2.86,42.7451,350.0,6.27451,-0.0078125,0.0,27.0,97.0,0.0,0.0,0.0,0.0,100.0,0.0,0.0,0.0,4.0,0.0,0.0,null,14.506,0.44193369150161743
1255,23011501,0,20230115131050,37.391046,127.257284,73.0,1298.0,14.509804,13.725491,7950.0,2.77,42.7451,350.0,6.27451,-0.0078125,0.0,27.0,97.0,0.0,0.0,0.0,0.0,100.0,0.0,0.0,0.0,5.0,0.0,0.0,null,14.506,-0.6943077445030212
1256,23011501,0,20230115131051,37.3910095,127.257517,71.0,1269.5,14.509804,13.725491,8560.0,2.77,42.7451,350.0,6.27451,-0.0078125,0.0,27.0,97.0,0.0,0.0,0.0,0.0,100.0,0.0,0.0,0.0,5.0,0.0,0.0,null,14.506,-0.2668331563472748
1257,23011501,0,20230115131052,37.3909725,127.2577451,70.0,1269.5,14.509804,13.725491,8820.0,2.63,42.7451,350.0,6.27451,0.0,0.0,27.0,97.0,0.0,0.0,0.0,0.0,100.0,0.0,0.0,0.0,5.0,0.0,0.0,null,14.506,0.031010184437036514
1258,23011501,0,20230115131053,37.3909348,127.2579686,69.0,1235.5,14.509804,13.725491,8820.0,2.63,42.7451,350.0,6.27451,0.0,0.0,27.0,97.0,0.0,0.0,0.0,0.0,100.0,0.0,0.0,0.0,5.0,0.0,0.0,null,14.506,-0.08968424797058105
1259,23011501,0,20230115131054,37.390897,127.2581873,68.0,1205.5,14.509804,13.725491,9110.0,2.61,42.7451,350.0,6.27451,0.0,0.0,27.0,97.0,0.0,0.0,0.0,0.0,100.0,0.0,0.0,0.0,5.0,0.0,0.0,null,14.506,-0.19362550973892212
1260,23011501,0,20230115131055,37.3908592,127.2584016,66.0,1175.0,14.509804,13.725491,9110.0,2.5,42.7451,350.0,5.882353,0.0,0.0,27.0,97.0,0.0,0.0,0.0,0.0,100.0,0.0,0.0,0.0,5.0,0.0,0.0,null,14.506,0.10242985188961029
1261,23011501,0,20230115131056,37.3908262,127.2586133,65.0,1151.0,14.509804,13.725491,9290.0,2.44,42.7451,350.0,5.882353,0.0,0.0,27.0,97.0,0.0,0.0,0.0,0.0,100.0,0.0,0.0,0.0,5.0,0.0,0.0,null,14.506,0.41667845845222473
1262,23011501,0,20230115131057,37.3907895,127.2588187,64.0,1151.0,25.882353,19.607843,9290.0,10.61,42.7451,350.0,10.196078,0.0,0.0,27.0,97.0,0.0,0.0,0.0,0.0,100.0,0.0,0.0,0.0,5.0,0.0,0.0,null,14.506,0.08940314501523972
1263,23011501,0,20230115131058,37.3907519,127.2590238,64.0,1606.0,25.882353,19.607843,14990.0,10.61,42.7451,350.0,27.058823,0.0,0.0,94.0,97.0,0.0,0.0,0.0,0.0,100.0,0.0,0.0,0.0,5.0,0.0,0.0,null,14.506,-0.5912811160087585
1264,23011501,0,20230115131059,37.3907145,127.2592243,65.0,1569.0,28.62745,19.607843,14990.0,15.72,42.7451,350.0,30.19608,0.0,0.0,96.0,96.0,0.0,0.0,0.0,0.0,100.0,0.0,0.0,0.0,5.0,0.0,0.0,null,14.506,-0.4256265461444855
1265,23011501,0,20230115131100,37.3906761,127.2594246,66.0,1476.5,28.62745,29.019608,14780.0,14.61,42.7451,350.0,30.19608,0.0,0.0,96.0,96.0,0.0,0.0,0.0,0.0,100.0,0.0,0.0,0.0,5.0,0.0,0.0,null,14.506,-0.4104738235473633
1266,23011501,0,20230115131101,37.3906366,127.2596291,66.0,1476.5,28.62745,26.666666,14780.0,13.5,42.7451,350.0,27.058823,0.0,0.0,96.0,96.0,0.0,0.0,0.0,0.0,100.0,0.0,0.0,0.0,5.0,0.0,0.0,null,14.506,-0.2943693697452545
1267,23011501,0,20230115131102,37.3905965,127.2598335,67.0,1492.0,28.62745,26.666666,14620.0,13.5,42.7451,350.0,28.235294,0.0,0.0,96.0,96.0,0.0,0.0,0.0,0.0,100.0,0.0,0.0,0.0,5.0,0.0,0.0,null,14.506,-0.26398131251335144
1268,23011501,0,20230115131103,37.3905546,127.2600418,67.0,1496.5,28.62745,26.666666,14620.0,13.27,42.7451,350.0,25.882353,0.0,0.0,96.0,96.0,0.0,0.0,0.0,0.0,100.0,0.0,0.0,0.0,5.0,0.0,0.0,null,14.506,-0.9136338233947754
1269,23011501,0,20230115131104,37.3905106,127.2602496,68.0,1520.0,28.62745,25.882353,14490.0,12.58,42.7451,350.0,25.882353,0.0,0.0,96.0,96.0,0.0,0.0,0.0,0.0,100.0,0.0,0.0,0.0,5.0,0.0,0.0,null,14.506,-0.217556431889534
1270,23011501,0,20230115131105,37.3904653,127.2604615,69.0,1520.0,27.843138,26.27451,14490.0,12.41,42.7451,350.0,27.058823,0.0,0.0,96.0,96.0,0.0,0.0,0.0,0.0,100.0,0.0,0.0,0.0,5.0,0.0,0.0,null,14.506,-0.18195907771587372
1271,23011501,0,20230115131106,37.3904188,127.260673,69.0,1523.5,27.843138,26.27451,14410.0,13.86,42.7451,350.0,27.450981,0.0,0.0,96.0,96.0,0.0,0.0,0.0,0.0,100.0,0.0,0.0,0.0,5.0,0.0,0.0,null,14.506,-0.3869980275630951
1272,23011501,0,20230115131107,37.3903715,127.2608843,70.0,1536.5,27.843138,28.62745,14540.0,13.86,42.7451,350.0,27.843138,0.0,0.0,97.0,96.0,0.0,0.0,0.0,0.0,100.0,0.0,0.0,0.0,5.0,0.0,0.0,null,14.506,0.09759180247783661
1273,23011501,0,20230115131108,37.3903213,127.2610992,70.0,1550.0,27.843138,28.62745,14540.0,13.75,42.7451,350.0,27.058823,0.0,0.0,97.0,96.0,0.0,0.0,0.0,0.0,100.0,0.0,0.0,0.0,4.0,0.0,0.0,null,14.506,-0.5258771777153015
1274,23011501,0,20230115131109,37.3902717,127.2613142,70.0,1566.5,27.843138,28.62745,14540.0,13.66,42.7451,350.0,27.058823,0.0,0.0,97.0,96.0,0.0,0.0,0.0,0.0,100.0,0.0,0.0,0.0,4.0,0.0,0.0,null,14.506,0.0046273632906377316
1275,23011501,0,20230115131110,37.3902213,127.261529,71.0,1574.0,27.843138,28.62745,14450.0,13.66,42.7451,350.0,27.058823,0.0,0.0,95.0,96.0,0.0,0.0,0.0,0.0,100.0,0.0,0.0,0.0,4.0,0.0,0.0,null,14.506,0.20374581217765808
1276,23011501,0,20230115131111,37.3901691,127.2617478,70.0,1574.0,27.843138,15.686275,8600.0,4.11,43.137257,350.0,23.137255,0.0,0.0,95.0,96.0,0.0,0.0,0.0,0.0,100.0,0.0,0.0,0.0,4.0,0.0,0.0,null,14.506,0.38937363028526306
1277,23011501,0,20230115131112,37.3901157,127.2619615,69.0,1547.0,14.509804,15.686275,8600.0,4.11,43.137257,350.0,6.27451,0.0,0.0,27.0,96.0,0.0,0.0,0.0,0.0,100.0,0.0,0.0,0.0,4.0,0.0,0.0,null,14.506,-0.07705987989902496
1278,23011501,0,20230115131113,37.3900617,127.2621796,68.0,1516.0,14.509804,14.509804,8600.0,3.25,43.137257,350.0,18.039215,0.0,0.0,39.0,96.0,0.0,0.0,0.0,0.0,100.0,0.0,0.0,0.0,5.0,0.0,0.0,null,14.506,-0.22473685443401337
1279,23011501,0,20230115131114,37.390009,127.2623888,68.0,1516.0,28.62745,14.509804,13960.0,13.36,43.137257,350.0,18.039215,0.0,0.0,95.0,96.0,0.0,0.0,0.0,0.0,100.0,0.0,0.0,0.0,5.0,0.0,0.0,null,14.53,0.10284596681594849
1280,23011501,0,20230115131115,37.3899554,127.2625976,69.0,1526.0,28.62745,29.019608,14720.0,14.41,43.137257,350.0,29.411764,0.0,0.0,95.0,96.0,0.0,0.0,0.0,0.0,100.0,0.0,0.0,0.0,5.0,0.0,0.0,null,14.53,-0.34125620126724243
1281,23011501,0,20230115131116,37.3899008,127.2628061,69.0,1529.0,14.509804,14.90196,14720.0,14.41,43.137257,350.0,23.137255,0.0,0.0,94.0,96.0,0.0,0.0,0.0,0.0,100.0,0.0,0.0,0.0,5.0,0.0,0.0,null,14.53,-0.6801006197929382
1282,23011501,0,20230115131117,37.3898404,127.2630172,67.0,1502.5,14.509804,14.90196,8120.0,4.38,43.137257,350.0,6.27451,0.0,0.0,28.0,96.0,0.0,0.0,0.0,0.0,100.0,0.0,0.0,0.0,4.0,0.0,0.0,null,14.53,-1.296223759651184
1283,23011501,0,20230115131118,37.3897842,127.2632249,66.0,1458.5,14.509804,14.90196,8120.0,3.16,43.137257,350.0,6.27451,0.0,0.0,27.0,96.0,0.0,0.0,0.0,0.0,100.0,0.0,0.0,0.0,5.0,0.0,0.0,null,14.53,-0.18062807619571686
1284,23011501,0,20230115131119,37.3897283,127.263428,65.0,1425.5,14.509804,14.117647,8460.0,3.08,43.137257,350.0,6.27451,0.0,0.0,27.0,96.0,0.0,0.0,0.0,0.0,100.0,0.0,0.0,0.0,5.0,0.0,0.0,null,14.53,0.17271798849105835
1285,23011501,0,20230115131120,37.3896728,127.2636266,63.0,1425.5,14.509804,14.117647,8460.0,2.97,43.137257,350.0,6.27451,0.0,0.0,27.0,96.0,0.0,0.0,0.0,0.0,100.0,0.0,0.0,0.0,5.0,0.0,0.0,null,14.53,0.20292878150939941
1286,23011501,0,20230115131121,37.3896245,127.2637812,62.0,1394.5,14.509804,14.117647,8760.0,2.97,43.137257,350.0,6.27451,0.0,0.0,27.0,97.0,0.0,0.0,0.0,0.0,100.0,0.0,0.0,0.0,5.0,0.0,0.0,null,14.53,0.37184467911720276
1287,23011501,0,20230115131122,37.3895691,127.2639752,62.0,1383.5,15.686275,14.117647,8760.0,2.88,43.137257,350.0,17.647058,0.0,0.0,43.0,97.0,0.0,0.0,0.0,0.0,100.0,0.0,0.0,0.0,5.0,0.0,0.0,null,14.53,-0.05486896634101868
1288,23011501,0,20230115131123,37.3895154,127.2641604,62.0,1374.5,15.686275,22.352942,13350.0,10.97,43.137257,350.0,17.647058,0.0,0.0,95.0,97.0,0.0,0.0,0.0,0.0,100.0,0.0,0.0,0.0,5.0,0.0,0.0,null,14.53,-0.36701905727386475
1289,23011501,0,20230115131124,37.38946,127.2643495,63.0,1374.5,31.764706,30.980392,13350.0,17.44,43.137257,350.0,27.450981,0.0,0.0,95.0,97.0,0.0,0.0,0.0,1.0,100.0,0.0,0.0,0.0,5.0,0.0,0.0,null,14.53,0.03660569339990616
1290,23011501,0,20230115131125,37.3894043,127.2645338,64.0,1398.0,31.764706,30.980392,16860.0,17.44,43.137257,350.0,37.2549,0.0,0.0,97.0,97.0,0.0,0.0,0.0,1.0,100.0,0.0,0.0,0.0,5.0,0.0,0.0,null,14.53,-0.10011468827724457
1291,23011501,0,20230115131126,37.3893479,127.2647224,65.0,1424.0,32.54902,30.980392,16860.0,18.55,43.137257,350.0,39.215687,0.0,0.0,98.0,97.0,0.0,0.0,0.0,1.0,100.0,0.0,0.0,0.0,5.0,0.0,0.0,null,14.53,-0.0751819834113121
1292,23011501,0,20230115131127,37.3892898,127.2649151,65.0,1451.0,32.54902,29.411764,14260.0,12.61,43.137257,350.0,39.215687,0.0,0.0,72.0,97.0,0.0,0.0,0.0,1.0,100.0,0.0,0.0,0.0,5.0,0.0,0.0,null,14.53,0.04493391141295433
1293,23011501,0,20230115131128,37.389231,127.2651074,64.0,1451.0,14.509804,13.725491,14260.0,2.69,43.137257,350.0,11.372549,0.0,0.0,40.0,97.0,0.0,0.0,0.0,1.0,100.0,0.0,0.0,0.0,5.0,0.0,0.0,null,14.53,0.10478329658508301
1294,23011501,0,20230115131129,37.3891667,127.2653021,64.0,1418.5,29.80392,13.725491,14520.0,13.55,43.137257,350.0,18.431372,0.0,0.0,40.0,97.0,0.0,0.0,0.0,1.0,100.0,0.0,0.0,0.0,5.0,0.0,0.0,null,14.53,0.31996867060661316
1295,23011501,0,20230115131130,37.3891077,127.2654896,64.0,1431.5,29.80392,26.666666,14520.0,13.55,43.137257,350.0,30.588236,0.0,0.0,95.0,97.0,0.0,0.0,0.0,1.0,100.0,0.0,0.0,0.0,5.0,0.0,0.0,null,14.53,0.0020177855622023344
1296,23011501,0,20230115131131,37.3890472,127.2656811,65.0,1433.5,29.80392,26.666666,13580.0,12.22,43.137257,350.0,22.352942,0.0,0.0,94.0,97.0,0.0,0.0,0.0,1.0,100.0,0.0,0.0,0.0,5.0,0.0,0.0,null,14.53,-0.7576632499694824
1297,23011501,0,20230115131132,37.3889848,127.2658764,65.0,1437.0,25.882353,21.960785,13580.0,9.36,43.137257,350.0,20.392157,0.0,0.0,92.0,97.0,0.0,0.0,0.0,1.0,100.0,0.0,0.0,0.0,5.0,0.0,0.0,null,14.53,-0.21186800301074982
1298,23011501,0,20230115131133,37.3889207,127.2660663,65.0,1440.0,25.882353,21.960785,10790.0,9.36,43.137257,350.0,20.392157,0.0,0.0,92.0,97.0,0.0,0.0,0.0,1.0,100.0,0.0,0.0,0.0,5.0,0.0,0.0,null,14.53,-0.5136674642562866
1299,23011501,0,20230115131134,37.3888575,127.2662613,65.0,1440.0,25.882353,19.607843,7990.0,6.94,43.137257,350.0,20.392157,0.0,0.0,68.0,97.0,0.0,0.0,0.0,1.0,100.0,0.0,0.0,0.0,5.0,0.0,0.0,null,14.53,-0.6161901354789734
1300,23011501,0,20230115131135,37.3887959,127.2664522,65.0,1434.5,21.960785,16.078432,7990.0,5.83,43.137257,350.0,13.333333,0.0,0.0,68.0,97.0,0.0,0.0,0.0,1.0,100.0,0.0,0.0,0.0,5.0,0.0,0.0,null,14.53,-0.3527202606201172
1301,23011501,0,20230115131136,37.3887326,127.2666471,64.0,1427.5,21.960785,16.078432,7870.0,5.83,43.137257,350.0,13.333333,0.0,0.0,61.0,97.0,0.0,0.0,0.0,1.0,100.0,0.0,0.0,0.0,5.0,0.0,0.0,null,14.577,-0.1937517672777176
1302,23011501,0,20230115131137,37.388669,127.2668371,64.0,1412.5,21.960785,16.078432,7870.0,5.83,43.137257,350.0,13.333333,0.0,0.0,61.0,97.0,0.0,0.0,0.0,1.0,100.0,0.0,0.0,0.0,5.0,0.0,0.0,null,14.577,-0.40113523602485657
1303,23011501,0,20230115131138,37.3886071,127.2670279,63.0,1404.0,21.960785,16.470589,7950.0,5.91,43.137257,350.0,13.333333,0.0390625,0.0,62.0,97.0,0.0,0.0,0.0,1.0,100.0,0.0,0.0,0.0,5.0,0.0,0.0,null,14.577,-0.03550075739622116
1304,23011501,0,20230115131139,37.3885453,127.2672187,63.0,1404.0,21.960785,16.470589,7950.0,5.88,43.137257,350.0,13.333333,0.0390625,0.0,62.0,97.0,0.0,0.0,0.0,1.0,100.0,0.0,0.0,0.0,5.0,0.0,0.0,null,14.577,0.1352929323911667
1305,23011501,0,20230115131140,37.3884847,127.2674054,63.0,1390.0,22.745098,16.470589,7860.0,5.88,43.137257,350.0,13.333333,0.0390625,0.0,62.0,97.0,0.0,0.0,0.0,1.0,100.0,0.0,0.0,0.0,5.0,0.0,0.0,null,14.577,0.11740674078464508
1306,23011501,0,20230115131141,37.3884202,127.2675902,62.0,1383.0,22.745098,16.470589,7860.0,6.05,43.137257,350.0,14.117647,0.0390625,0.0,64.0,97.0,0.0,0.0,0.0,1.0,100.0,0.0,0.0,0.0,5.0,0.0,0.0,null,14.577,0.06398428976535797
1307,23011501,0,20230115131142,37.3883595,127.2677767,62.0,1407.5,22.745098,16.470589,10180.0,9.0,43.137257,350.0,14.117647,0.0390625,0.0,94.0,97.0,0.0,0.0,0.0,1.0,100.0,0.0,0.0,0.0,5.0,0.0,0.0,null,14.577,-0.11342081427574158
1308,23011501,0,20230115131143,37.3882989,127.2679633,63.0,1394.0,30.980392,28.62745,10180.0,14.52,43.137257,350.0,29.019608,0.0390625,0.0,95.0,97.0,0.0,0.0,0.0,1.0,100.0,0.0,0.0,0.0,5.0,0.0,0.0,null,14.577,0.04099862650036812
1309,23011501,0,20230115131144,37.3882401,127.268146,63.0,1394.0,27.058823,28.62745,12410.0,14.52,43.137257,350.0,23.529411,0.0390625,0.0,95.0,97.0,0.0,0.0,0.0,1.0,100.0,0.0,0.0,0.0,5.0,0.0,0.0,null,14.577,0.1775311380624771
1310,23011501,0,20230115131145,37.3881746,127.2683304,63.0,1411.0,27.058823,24.313726,12410.0,9.86,43.137257,350.0,23.137255,0.0390625,0.0,94.0,97.0,0.0,0.0,0.0,1.0,100.0,0.0,0.0,0.0,5.0,0.0,0.0,null,14.577,0.18689031898975372
1311,23011501,0,20230115131146,37.3881134,127.2685215,64.0,1416.5,27.058823,24.313726,12520.0,10.22,43.137257,350.0,23.137255,0.0390625,0.0,95.0,97.0,0.0,0.0,0.0,1.0,100.0,0.0,0.0,0.0,5.0,0.0,0.0,null,14.577,0.04175974801182747
1312,23011501,0,20230115131147,37.3880522,127.2687127,64.0,1404.0,27.058823,24.705883,12520.0,11.0,43.137257,350.0,23.137255,0.0390625,0.0,92.0,97.0,0.0,0.0,0.0,1.0,100.0,0.0,0.0,0.0,5.0,0.0,0.0,null,14.577,-0.20686249434947968
1313,23011501,0,20230115131148,37.3879921,127.2688996,63.0,1404.0,14.509804,24.705883,8520.0,3.66,43.137257,350.0,23.137255,0.0390625,0.0,28.0,97.0,0.0,0.0,0.0,1.0,100.0,0.0,0.0,0.0,5.0,0.0,0.0,null,14.577,-0.15070782601833344
1314,23011501,0,20230115131149,37.3879267,127.2690839,62.0,1398.5,14.509804,14.117647,8050.0,2.94,43.137257,350.0,6.27451,0.0390625,0.0,28.0,97.0,0.0,0.0,0.0,1.0,100.0,0.0,0.0,0.0,5.0,0.0,0.0,null,14.577,0.1550895720720291
1315,23011501,0,20230115131150,37.3878664,127.2692706,61.0,1385.0,27.843138,23.137255,8050.0,2.94,43.137257,350.0,15.686275,0.0390625,0.0,34.0,97.0,0.0,0.0,0.0,1.0,100.0,0.0,0.0,0.0,5.0,0.0,0.0,null,14.577,-0.035246528685092926
1316,23011501,0,20230115131151,37.3878055,127.2694571,62.0,1374.5,21.960785,23.137255,9850.0,10.22,43.137257,350.0,22.745098,0.0390625,0.0,95.0,97.0,0.0,0.0,0.0,1.0,100.0,0.0,0.0,0.0,5.0,0.0,0.0,null,14.577,-0.18580827116966248
1317,23011501,0,20230115131152,37.3877456,127.2696392,62.0,1369.5,21.960785,18.82353,9850.0,8.97,43.137257,350.0,14.90196,0.0390625,0.0,78.0,97.0,0.0,0.0,0.0,1.0,100.0,0.0,0.0,0.0,5.0,0.0,0.0,null,14.577,0.4324381649494171
1318,23011501,0,20230115131153,37.3876801,127.2698235,62.0,1372.5,28.235294,18.82353,11720.0,9.11,43.137257,350.0,23.529411,0.0390625,0.0,93.0,97.0,0.0,0.0,0.0,1.0,100.0,0.0,0.0,0.0,5.0,0.0,0.0,null,14.577,-0.15117259323596954
1319,23011501,0,20230115131154,37.3876204,127.2700056,62.0,1395.0,28.235294,25.882353,11720.0,11.13,43.137257,350.0,24.705883,0.0390625,0.0,95.0,97.0,0.0,0.0,0.0,1.0,100.0,0.0,0.0,0.0,5.0,0.0,0.0,null,14.577,0.26725250482559204
1320,23011501,0,20230115131155,37.3875596,127.2701922,63.0,1400.5,28.62745,25.882353,13540.0,11.25,43.137257,350.0,25.490196,0.0390625,0.0,96.0,98.0,0.0,0.0,0.0,1.0,100.0,0.0,0.0,0.0,5.0,0.0,0.0,null,14.577,0.251006156206131
1321,23011501,0,20230115131156,37.3874992,127.2703789,64.0,1409.0,28.62745,26.666666,13800.0,12.05,43.52941,350.0,25.490196,0.0390625,0.0,96.0,98.0,0.0,0.0,0.0,1.0,100.0,0.0,0.0,0.0,5.0,0.0,0.0,null,14.577,-0.2049296498298645
1322,23011501,0,20230115131157,37.3874347,127.2705635,64.0,1409.0,28.62745,26.666666,13800.0,12.16,43.52941,350.0,25.882353,0.0390625,0.0,96.0,98.0,0.0,0.0,0.0,1.0,100.0,0.0,0.0,0.0,5.0,0.0,0.0,null,14.577,0.4516785144805908
1323,23011501,0,20230115131158,37.3873744,127.2707503,65.0,1435.5,28.62745,26.666666,14120.0,12.16,43.52941,350.0,26.27451,0.0390625,0.0,96.0,98.0,0.0,0.0,0.0,1.0,100.0,0.0,0.0,0.0,5.0,0.0,0.0,null,14.436,0.3372122049331665
1324,23011501,0,20230115131159,37.3873127,127.2709412,65.0,1439.0,28.62745,26.666666,14120.0,12.47,43.52941,350.0,25.882353,0.0390625,0.0,96.0,98.0,0.0,0.0,0.0,1.0,100.0,0.0,0.0,0.0,5.0,0.0,0.0,null,14.436,0.0066134086810052395
1325,23011501,0,20230115131200,37.3872497,127.2711363,66.0,1454.0,28.62745,27.058823,14270.0,12.63,43.52941,350.0,25.882353,0.03125,0.0,96.0,98.0,0.0,0.0,0.0,1.0,100.0,0.0,0.0,0.0,5.0,0.0,0.0,null,14.436,0.865344762802124
1326,23011501,0,20230115131201,37.3871845,127.2713254,66.0,1454.0,28.62745,26.666666,14270.0,12.75,43.52941,350.0,26.27451,0.03125,0.0,91.0,98.0,0.0,0.0,0.0,1.0,100.0,0.0,0.0,0.0,5.0,0.0,0.0,null,14.436,0.45414361357688904
1327,23011501,0,20230115131202,37.3871216,127.2715205,66.0,1467.0,14.509804,26.666666,9540.0,12.75,43.52941,350.0,18.431372,0.03125,0.0,91.0,98.0,0.0,0.0,0.0,1.0,100.0,0.0,0.0,0.0,5.0,0.0,0.0,null,14.436,0.1466042697429657
1328,23011501,0,20230115131203,37.3870576,127.2717199,65.0,1440.0,14.509804,26.666666,9540.0,3.8,43.52941,350.0,20.0,0.03125,0.0,29.0,98.0,0.0,0.0,0.0,1.0,100.0,0.0,0.0,0.0,5.0,0.0,0.0,null,14.436,0.4127819836139679
1329,23011501,0,20230115131204,37.3869951,127.2719152,66.0,1453.5,14.509804,25.09804,14310.0,13.13,43.52941,350.0,27.843138,0.03125,0.0,96.0,98.0,0.0,0.0,0.0,1.0,100.0,0.0,0.0,0.0,5.0,0.0,0.0,null,14.436,-0.14306257665157318
1330,23011501,0,20230115131205,37.3869296,127.2721041,66.0,1481.0,30.980392,28.62745,14310.0,15.36,43.52941,350.0,27.843138,0.03125,0.0,96.0,98.0,0.0,0.0,0.0,1.0,100.0,0.0,0.0,0.0,5.0,0.0,0.0,null,14.436,0.055159542709589005
1331,23011501,0,20230115131206,37.3868656,127.2723035,67.0,1481.0,31.37255,28.62745,15690.0,16.63,43.52941,350.0,33.333332,0.03125,0.0,96.0,99.0,0.0,0.0,0.0,1.0,100.0,0.0,0.0,0.0,5.0,0.0,0.0,null,14.436,-0.03277035057544708
1332,23011501,0,20230115131207,37.3868026,127.2724986,68.0,1497.5,31.37255,31.37255,16040.0,16.63,43.52941,350.0,36.862743,0.03125,0.0,97.0,99.0,0.0,0.0,0.0,1.0,100.0,0.0,0.0,0.0,5.0,0.0,0.0,null,14.436,0.6153239607810974
1333,23011501,0,20230115131208,37.3867368,127.2727019,69.0,1523.5,31.37255,31.37255,16040.0,18.86,43.52941,350.0,38.431374,0.03125,0.0,98.0,99.0,0.0,0.0,0.0,1.0,100.0,0.0,0.0,0.0,5.0,0.0,0.0,null,14.436,0.410148024559021
1334,23011501,0,20230115131209,37.3866666,127.2729029,69.0,1515.0,14.509804,18.039215,16040.0,5.05,43.52941,350.0,38.431374,0.03125,0.0,36.0,99.0,0.0,0.0,0.0,2.0,100.0,0.0,0.0,0.0,5.0,0.0,0.0,null,14.436,-0.41454970836639404
1335,23011501,0,20230115131210,37.3866007,127.2731062,67.0,1515.0,14.509804,18.039215,9360.0,2.8,43.52941,350.0,6.27451,0.03125,0.0,36.0,99.0,0.0,0.0,0.0,2.0,100.0,0.0,0.0,0.0,5.0,0.0,0.0,null,14.436,-0.32147732377052307
1336,23011501,0,20230115131211,37.3865347,127.2733093,66.0,1455.0,14.509804,20.0,13340.0,2.8,43.52941,350.0,5.490196,0.03125,0.0,26.0,99.0,0.0,0.0,0.0,2.0,100.0,0.0,0.0,0.0,5.0,0.0,0.0,null,14.436,0.38171452283859253
1337,23011501,0,20230115131212,37.3864684,127.2735124,67.0,1474.0,28.235294,20.0,13340.0,11.44,43.52941,350.0,25.490196,0.03125,0.0,94.0,99.0,0.0,0.0,0.0,2.0,100.0,0.0,0.0,0.0,5.0,0.0,0.0,null,14.436,0.05108693987131119
1338,23011501,0,20230115131213,37.3864017,127.2737055,67.0,1489.5,28.235294,26.666666,13340.0,12.44,43.52941,350.0,25.490196,0.03125,0.0,95.0,99.0,0.0,0.0,0.0,2.0,100.0,0.0,0.0,0.0,5.0,0.0,0.0,null,14.436,-0.058633558452129364
1339,23011501,0,20230115131214,37.3863374,127.2739047,66.0,1464.0,14.509804,26.666666,8900.0,4.72,43.52941,350.0,24.705883,0.03125,0.0,31.0,99.0,0.0,0.0,0.0,2.0,100.0,0.0,0.0,0.0,5.0,0.0,0.0,null,14.436,0.0724593922495842
1340,23011501,0,20230115131215,37.3862735,127.2741041,65.0,1464.0,14.509804,14.117647,8080.0,3.05,43.52941,350.0,6.6666665,0.03125,0.0,31.0,99.0,0.0,0.0,0.0,2.0,100.0,0.0,0.0,0.0,5.0,0.0,0.0,null,14.436,-0.1523657739162445
1341,23011501,0,20230115131216,37.3862094,127.2743035,64.0,1403.5,14.509804,14.509804,8080.0,3.05,43.52941,350.0,6.27451,0.03125,0.0,27.0,99.0,0.0,0.0,0.0,2.0,100.0,0.0,0.0,0.0,5.0,0.0,0.0,null,14.436,-0.2559775114059448
1342,23011501,0,20230115131217,37.3861435,127.2744922,63.0,1403.5,14.509804,14.509804,13670.0,2.97,43.52941,350.0,20.0,0.03125,0.0,55.0,99.0,0.0,0.0,0.0,2.0,100.0,0.0,0.0,0.0,6.0,0.0,0.0,null,14.436,-0.25205197930336
1343,23011501,0,20230115131218,37.3860817,127.274683,64.0,1415.5,29.019608,14.509804,13670.0,12.61,43.52941,350.0,20.0,0.03125,0.0,95.0,95.0,0.0,0.0,0.0,2.0,100.0,0.0,0.0,0.0,6.0,0.0,0.0,null,14.436,0.02032449096441269
1344,23011501,0,20230115131219,37.3860197,127.2748738,65.0,1415.5,29.019608,26.666666,14300.0,12.3,43.92157,350.0,27.058823,0.03125,0.0,95.0,95.0,0.0,0.0,0.0,2.0,100.0,0.0,0.0,0.0,6.0,0.0,0.0,null,14.436,-0.41874316334724426
1345,23011501,0,20230115131220,37.3859589,127.2750603,65.0,1437.5,29.019608,27.058823,14300.0,13.16,43.92157,350.0,27.843138,0.03125,0.0,95.0,95.0,0.0,0.0,0.0,2.0,100.0,0.0,0.0,0.0,5.0,0.0,0.0,null,14.436,0.15984021127223969
1346,23011501,0,20230115131221,37.3858925,127.2752536,65.0,1453.5,29.019608,27.058823,14310.0,13.16,43.92157,350.0,27.450981,0.03125,0.0,96.0,95.0,0.0,0.0,0.0,2.0,100.0,0.0,0.0,0.0,5.0,0.0,0.0,null,14.436,0.07610855996608734
1347,23011501,0,20230115131222,37.3858305,127.2754442,66.0,1469.0,29.019608,27.058823,14310.0,13.27,43.92157,350.0,29.019608,0.03125,0.0,96.0,95.0,0.0,0.0,0.0,2.0,100.0,0.0,0.0,0.0,5.0,0.0,0.0,null,14.436,0.14705130457878113
1348,23011501,0,20230115131223,37.3857671,127.2756392,67.0,1486.5,29.019608,27.058823,14430.0,13.77,43.92157,350.0,29.019608,0.03125,0.0,96.0,95.0,0.0,0.0,0.0,2.0,100.0,0.0,0.0,0.0,5.0,0.0,0.0,null,14.436,-0.025274470448493958
1349,23011501,0,20230115131224,37.3857026,127.2758383,67.0,1486.5,29.019608,27.058823,14430.0,13.72,43.92157,350.0,28.62745,0.03125,0.0,96.0,95.0,0.0,0.0,0.0,2.0,100.0,0.0,0.0,0.0,5.0,0.0,0.0,null,14.436,0.21554024517536163
1350,23011501,0,20230115131225,37.385635,127.2760358,68.0,1506.0,14.509804,27.058823,13380.0,13.72,43.92157,350.0,28.235294,0.03125,0.0,96.0,95.0,0.0,0.0,0.0,2.0,100.0,0.0,0.0,0.0,5.0,0.0,0.0,null,14.436,-0.07257099449634552
1351,23011501,0,20230115131226,37.3855702,127.2762347,67.0,1511.5,14.509804,14.509804,13380.0,10.72,43.92157,350.0,9.803922,0.03125,0.0,52.0,95.0,0.0,0.0,0.0,2.0,100.0,0.0,0.0,0.0,5.0,0.0,0.0,null,14.436,-0.09628205746412277
1352,23011501,0,20230115131227,37.385504,127.2764378,66.0,1456.0,14.509804,14.509804,8160.0,3.08,43.92157,350.0,6.27451,0.03125,0.0,24.0,95.0,0.0,0.0,0.0,2.0,100.0,0.0,0.0,0.0,5.0,0.0,0.0,null,14.436,0.09230329096317291
1353,23011501,0,20230115131228,37.3854391,127.2766367,65.0,1456.0,14.509804,14.117647,8160.0,3.02,43.92157,350.0,6.27451,0.03125,0.0,52.0,95.0,0.0,0.0,0.0,2.0,100.0,0.0,0.0,0.0,5.0,0.0,0.0,null,14.436,-0.16866321861743927
1354,23011501,0,20230115131229,37.3853735,127.2768304,65.0,1436.5,28.62745,14.117647,13310.0,11.91,43.92157,350.0,16.862745,0.03125,0.0,52.0,93.0,0.0,0.0,0.0,2.0,100.0,0.0,0.0,0.0,6.0,0.0,0.0,null,14.436,-0.12867605686187744
1355,23011501,0,20230115131230,37.3853099,127.2770252,65.0,1446.0,28.62745,27.450981,13310.0,11.91,43.92157,350.0,25.882353,0.03125,0.0,95.0,93.0,0.0,0.0,0.0,2.0,100.0,0.0,0.0,0.0,6.0,0.0,0.0,null,14.436,0.013437015935778618
1356,23011501,0,20230115131231,37.3852479,127.2772159,66.0,1456.5,28.62745,27.450981,14510.0,13.52,43.92157,350.0,29.019608,0.03125,0.0,96.0,93.0,0.0,0.0,0.0,2.0,100.0,0.0,0.0,0.0,6.0,0.0,0.0,null,14.436,0.1268330216407776
1357,23011501,0,20230115131232,37.3851848,127.2774109,67.0,1477.5,30.19608,28.62745,14510.0,15.36,43.92157,350.0,29.019608,0.03125,0.0,96.0,93.0,0.0,0.0,0.0,3.0,100.0,0.0,0.0,0.0,6.0,0.0,0.0,null,14.436,-0.44208210706710815
1358,23011501,0,20230115131233,37.3851214,127.2776058,67.0,1477.5,30.19608,28.62745,15580.0,16.22,43.92157,350.0,31.764706,0.03125,0.0,96.0,93.0,0.0,0.0,0.0,3.0,100.0,0.0,0.0,0.0,5.0,0.0,0.0,null,14.436,-0.03132430464029312
1359,23011501,0,20230115131234,37.3850571,127.277805,68.0,1503.0,30.19608,26.666666,15580.0,16.22,43.92157,350.0,29.019608,0.03125,0.0,96.0,93.0,0.0,0.0,0.0,3.0,100.0,0.0,0.0,0.0,5.0,0.0,0.0,null,14.436,-0.7171139121055603
1360,23011501,0,20230115131235,37.3849928,127.2780042,69.0,1523.5,30.19608,26.666666,14950.0,13.77,43.92157,350.0,29.80392,0.03125,0.0,96.0,93.0,0.0,0.0,0.0,3.0,100.0,0.0,0.0,0.0,5.0,0.0,0.0,null,14.436,0.3009866178035736
1361,23011501,0,20230115131236,37.3849271,127.2782075,70.0,1541.5,29.019608,30.588236,14950.0,15.72,43.92157,350.0,31.764706,0.03125,0.0,98.0,93.0,0.0,0.0,0.0,3.0,100.0,0.0,0.0,0.0,5.0,0.0,0.0,null,14.436,-0.37236085534095764
1362,23011501,0,20230115131237,37.3848657,127.2784179,70.0,1561.5,28.62745,30.588236,14710.0,14.41,43.92157,350.0,29.80392,0.03125,0.0,98.0,93.0,0.0,0.0,0.0,3.0,100.0,0.0,0.0,0.0,5.0,0.0,0.0,null,14.436,-0.09271713346242905
1363,23011501,0,20230115131238,37.3847988,127.2786254,71.0,1572.5,28.62745,30.588236,15000.0,15.41,43.92157,350.0,29.80392,0.03125,0.0,98.0,93.0,0.0,0.0,0.0,3.0,100.0,0.0,0.0,0.0,5.0,0.0,0.0,null,14.436,-0.13235273957252502
1364,23011501,0,20230115131239,37.3847318,127.278833,72.0,1572.5,28.62745,30.19608,15000.0,15.69,43.92157,350.0,30.588236,0.03125,0.0,98.0,93.0,0.0,0.0,0.0,3.0,100.0,0.0,0.0,0.0,5.0,0.0,0.0,null,14.436,-0.11720136553049088
1365,23011501,0,20230115131240,37.3846636,127.2790447,72.0,1587.0,14.509804,30.19608,12520.0,15.69,43.92157,350.0,30.19608,0.03125,0.0,98.0,93.0,0.0,0.0,0.0,3.0,100.0,0.0,0.0,0.0,5.0,0.0,0.0,null,14.436,-0.046450983732938766
1366,23011501,0,20230115131241,37.3845954,127.2792564,71.0,1569.5,14.509804,14.509804,12520.0,9.16,43.52941,350.0,8.627451,0.03125,0.0,45.0,93.0,0.0,0.0,0.0,3.0,100.0,0.0,0.0,0.0,5.0,0.0,0.0,null,14.436,-0.06948371231555939
1367,23011501,0,20230115131242,37.3845381,127.2794737,70.0,1557.0,14.509804,14.509804,8170.0,3.13,43.52941,350.0,11.372549,0.03125,0.0,27.0,93.0,0.0,0.0,0.0,3.0,100.0,0.0,0.0,0.0,5.0,0.0,0.0,null,14.436,0.3942270278930664
1368,23011501,0,20230115131243,37.3844701,127.2796856,70.0,1557.0,27.058823,25.490196,8170.0,11.91,43.52941,350.0,11.372549,0.03125,0.0,27.0,93.0,0.0,0.0,0.0,3.0,100.0,0.0,0.0,0.0,5.0,0.0,0.0,null,14.436,0.11880993098020554
1369,23011501,0,20230115131244,37.3844037,127.2798934,70.0,1543.5,28.235294,25.490196,14740.0,11.91,43.52941,350.0,24.313726,0.03125,0.0,95.0,93.0,0.0,0.0,0.0,3.0,100.0,0.0,0.0,0.0,6.0,0.0,0.0,null,14.53,-0.444038987159729
1370,23011501,0,20230115131245,37.3843374,127.2801012,70.0,1554.5,28.235294,25.490196,14740.0,12.52,43.52941,350.0,25.490196,0.03125,0.0,95.0,93.0,0.0,0.0,0.0,3.0,100.0,0.0,0.0,0.0,6.0,0.0,0.0,null,14.53,-0.07642263919115067
1371,23011501,0,20230115131246,37.3842837,127.2803155,71.0,1571.5,28.235294,26.27451,14820.0,12.33,43.52941,350.0,25.490196,0.015625,0.0,96.0,93.0,0.0,0.0,0.0,3.0,100.0,0.0,0.0,0.0,6.0,0.0,0.0,null,14.53,-0.1225268617272377
1372,23011501,0,20230115131247,37.3842181,127.2805237,71.0,1577.5,28.62745,26.666666,14820.0,12.63,43.52941,350.0,25.490196,0.015625,0.0,96.0,93.0,0.0,0.0,0.0,3.0,100.0,0.0,0.0,0.0,6.0,0.0,0.0,null,14.53,0.314325749874115
1373,23011501,0,20230115131248,37.3841511,127.280736,72.0,1577.5,30.980392,26.666666,15100.0,16.02,43.52941,350.0,26.27451,0.015625,0.0,96.0,93.0,0.0,0.0,0.0,3.0,100.0,0.0,0.0,0.0,6.0,0.0,0.0,null,14.53,-0.2105788141489029
1374,23011501,0,20230115131249,37.384084,127.2809483,72.0,1596.0,30.980392,30.980392,15100.0,16.02,43.52941,350.0,34.509804,0.015625,0.0,97.0,93.0,0.0,0.0,0.0,3.0,100.0,0.0,0.0,0.0,6.0,0.0,0.0,null,14.53,0.12196242064237595
1375,23011501,0,20230115131250,37.3840291,127.2811668,73.0,1608.0,29.411764,30.980392,16010.0,18.61,43.52941,350.0,33.72549,0.015625,0.0,98.0,93.0,0.0,0.0,0.0,3.0,100.0,0.0,0.0,0.0,5.0,0.0,0.0,null,14.53,0.008397133089601994
1376,23011501,0,20230115131251,37.3839611,127.2813834,73.0,1620.0,29.411764,32.156864,16010.0,17.13,43.52941,350.0,22.745098,0.015625,0.0,95.0,93.0,0.0,0.0,0.0,3.0,100.0,0.0,0.0,0.0,5.0,0.0,0.0,null,14.53,0.028816450387239456
1377,23011501,0,20230115131252,37.3838916,127.2816041,73.0,1399.0,32.941177,32.156864,10770.0,10.11,43.52941,350.0,22.745098,0.015625,0.0,96.0,93.0,0.0,0.0,0.0,3.0,100.0,0.0,0.0,0.0,5.0,0.0,0.0,null,14.53,-0.015841595828533173
1378,23011501,0,20230115131253,37.3838233,127.2818206,74.0,1399.0,32.941177,36.07843,22030.0,22.19,43.52941,350.0,41.960785,0.015625,0.0,96.0,93.0,0.0,0.0,0.0,3.0,100.0,0.0,0.0,0.0,6.0,0.0,0.0,null,14.53,0.050433557480573654
1379,23011501,0,20230115131254,37.3837618,127.2820454,75.0,1449.0,34.117645,30.980392,22030.0,20.44,43.52941,350.0,42.7451,0.015625,0.0,100.0,93.0,0.0,0.0,0.0,3.0,100.0,0.0,0.0,0.0,5.0,0.0,0.0,null,14.53,0.22159944474697113
1380,23011501,0,20230115131255,37.3836785,127.2823074,75.0,1432.5,33.72549,30.980392,18520.0,20.44,43.52941,350.0,42.35294,0.015625,0.0,99.0,93.0,0.0,0.0,0.0,3.0,100.0,0.0,0.0,0.0,5.0,0.0,0.0,null,14.53,0.7991570830345154
1381,23011501,0,20230115131256,37.383607,127.2825319,76.0,1426.0,33.72549,33.333332,18520.0,19.3,43.52941,350.0,43.137257,0.015625,0.0,100.0,93.0,0.0,0.0,0.0,3.0,100.0,0.0,0.0,0.0,5.0,0.0,0.0,null,14.53,0.02284359373152256
1382,23011501,0,20230115131257,37.3835354,127.2827564,77.0,1422.5,33.72549,33.333332,19240.0,20.69,43.52941,350.0,42.7451,0.015625,0.0,100.0,93.0,0.0,0.0,0.0,3.0,100.0,0.0,0.0,0.0,5.0,0.0,0.0,null,14.53,-0.16608259081840515
1383,23011501,0,20230115131258,37.3834641,127.2829811,77.0,1380.0,33.72549,31.37255,19240.0,19.83,43.52941,350.0,25.490196,0.015625,0.0,97.0,93.0,0.0,0.0,0.0,3.0,100.0,0.0,0.0,0.0,5.0,0.0,0.0,null,14.53,-0.04314034432172775
1384,23011501,0,20230115131259,37.3833915,127.2832098,75.0,1305.5,14.509804,31.37255,11810.0,2.69,43.52941,350.0,25.490196,0.015625,0.0,24.0,93.0,0.0,0.0,0.0,3.0,100.0,0.0,0.0,0.0,5.0,0.0,0.0,null,14.53,0.009263348765671253
1385,23011501,0,20230115131300,37.3833188,127.2834386,73.0,1305.5,14.509804,13.725491,10810.0,2.41,43.52941,350.0,6.6666665,0.015625,0.0,27.0,93.0,0.0,0.0,0.0,3.0,100.0,0.0,0.0,0.0,5.0,0.0,0.0,null,14.53,0.03421608731150627
1386,23011501,0,20230115131301,37.3832474,127.2836632,73.0,1300.0,26.27451,19.215687,10810.0,8.94,43.52941,350.0,6.27451,0.015625,0.0,27.0,93.0,0.0,0.0,0.0,3.0,100.0,0.0,0.0,0.0,6.0,0.0,0.0,null,14.53,-0.4665983021259308
1387,23011501,0,20230115131302,37.3831782,127.2838793,73.0,1293.5,32.54902,19.215687,17010.0,18.94,43.52941,350.0,26.27451,0.015625,0.0,93.0,93.0,0.0,0.0,0.0,3.0,100.0,0.0,0.0,0.0,6.0,0.0,0.0,null,14.53,0.11415320634841919
1388,23011501,0,20230115131303,37.3831074,127.2840993,73.0,1359.0,32.54902,27.450981,17010.0,18.94,43.52941,350.0,38.039215,0.015625,0.0,98.0,93.0,0.0,0.0,0.0,3.0,100.0,0.0,0.0,0.0,6.0,0.0,0.0,null,14.53,-0.21529416739940643
1389,23011501,0,20230115131304,37.3830426,127.2843289,73.0,1310.5,32.54902,27.450981,12690.0,10.91,43.52941,350.0,20.784313,0.015625,0.0,94.0,93.0,0.0,0.0,0.0,3.0,100.0,0.0,0.0,0.0,6.0,0.0,0.0,null,14.53,0.23682761192321777
1390,23011501,0,20230115131305,37.3829717,127.2845489,73.0,1338.0,25.882353,23.137255,12690.0,9.13,43.52941,350.0,21.568628,0.015625,0.0,94.0,93.0,0.0,0.0,0.0,3.0,100.0,0.0,0.0,0.0,6.0,0.0,0.0,null,14.53,0.3672705292701721
1391,23011501,0,20230115131306,37.382902,127.2847647,73.0,1354.5,25.882353,23.137255,11490.0,9.36,43.52941,350.0,21.568628,0.015625,0.0,95.0,93.0,0.0,0.0,0.0,3.0,100.0,0.0,0.0,0.0,6.0,0.0,0.0,null,14.577,0.37723833322525024
1392,23011501,0,20230115131307,37.3828322,127.2849805,73.0,1354.5,25.882353,24.313726,11390.0,9.22,43.52941,350.0,22.352942,0.0234375,0.0,95.0,93.0,0.0,0.0,0.0,3.0,100.0,0.0,0.0,0.0,6.0,0.0,0.0,null,14.577,-0.11063847690820694
1393,23011501,0,20230115131308,37.3827614,127.2852006,72.0,1344.0,27.450981,23.921568,11390.0,10.0,43.52941,350.0,21.568628,0.0234375,0.0,95.0,93.0,0.0,0.0,0.0,3.0,100.0,0.0,0.0,0.0,6.0,0.0,0.0,null,14.577,0.16752004623413086
1394,23011501,0,20230115131309,37.3826959,127.2854275,72.0,1378.0,33.72549,23.921568,15910.0,20.08,43.52941,350.0,26.27451,0.0234375,0.0,95.0,93.0,0.0,0.0,0.0,3.0,100.0,0.0,0.0,0.0,6.0,0.0,0.0,null,14.577,-0.1966840773820877
1395,23011501,0,20230115131310,37.382628,127.2856442,73.0,1461.0,33.72549,78.43137,26880.0,33.27,43.52941,350.0,50.588234,0.0234375,0.0,105.0,93.0,0.0,0.0,0.0,3.0,100.0,0.0,0.0,0.0,6.0,0.0,0.0,null,14.577,0.11128716170787811
1396,23011501,0,20230115131311,37.3825611,127.2858613,75.0,1483.0,40.0,84.70588,26880.0,33.27,43.52941,350.0,68.62745,0.0234375,0.0,139.0,93.0,0.0,0.0,0.0,3.0,100.0,0.0,0.0,0.0,6.0,0.0,0.0,null,14.577,0.37790703773498535
1397,23011501,0,20230115131312,37.3824932,127.2860828,78.0,1784.5,40.0,84.70588,30060.0,48.36,43.52941,350.0,68.62745,0.0234375,0.0,147.0,93.0,0.0,0.0,0.0,3.0,100.0,0.0,0.0,0.0,5.0,0.0,0.0,null,14.577,0.47209084033966064
1398,23011501,0,20230115131313,37.3824246,127.2863088,80.0,1743.0,38.82353,61.17647,30060.0,37.08,43.52941,350.0,62.7451,0.0234375,0.0,134.0,93.0,0.0,0.0,0.0,3.0,100.0,0.0,0.0,0.0,5.0,0.0,0.0,null,14.577,0.43702206015586853
1399,23011501,0,20230115131314,37.3823552,127.2865393,79.0,1765.5,14.509804,61.17647,26830.0,30.05,43.52941,350.0,26.27451,0.0234375,0.0,99.0,93.0,0.0,0.0,0.0,3.0,100.0,0.0,0.0,0.0,5.0,0.0,0.0,null,14.577,0.15692473948001862
1400,23011501,0,20230115131315,37.3822843,127.2867788,78.0,1747.0,14.509804,14.509804,26830.0,3.55,43.52941,350.0,11.372549,0.0234375,0.0,34.0,93.0,0.0,0.0,0.0,2.0,100.0,0.0,0.0,0.0,5.0,0.0,0.0,null,14.577,-0.15883386135101318
1401,23011501,0,20230115131316,37.3822141,127.2870187,78.0,1732.0,26.27451,14.509804,15930.0,11.5,43.52941,350.0,11.372549,0.0234375,0.0,93.0,93.0,0.0,0.0,0.0,2.0,100.0,0.0,0.0,0.0,5.0,0.0,0.0,null,14.577,0.2463865727186203
1402,23011501,0,20230115131317,37.3821494,127.2872663,78.0,1405.5,26.27451,22.745098,10260.0,9.41,43.52941,350.0,22.352942,0.0234375,0.0,75.0,93.0,0.0,0.0,0.0,2.0,100.0,0.0,0.0,0.0,5.0,0.0,0.0,null,14.577,0.3607043921947479
1403,23011501,0,20230115131318,37.3820836,127.2875081,77.0,1405.5,14.509804,14.509804,10260.0,3.5,43.52941,350.0,14.117647,0.0234375,0.0,30.0,93.0,0.0,0.0,0.0,2.0,100.0,0.0,0.0,0.0,5.0,0.0,0.0,null,14.577,0.7342416644096375
1404,23011501,0,20230115131319,37.3820225,127.2877423,76.0,1365.0,14.509804,14.509804,7890.0,2.88,43.52941,350.0,7.45098,0.0234375,0.0,26.0,93.0,0.0,0.0,0.0,2.0,100.0,0.0,0.0,0.0,5.0,0.0,0.0,null,14.577,-0.2505769729614258
1405,23011501,0,20230115131320,37.3819644,127.2879824,76.0,1339.0,14.509804,16.470589,7840.0,6.22,43.52941,350.0,9.803922,0.0234375,0.0,26.0,93.0,0.0,0.0,0.0,2.0,100.0,0.0,0.0,0.0,5.0,0.0,0.0,null,14.577,1.256568193435669
1406,23011501,0,20230115131321,37.3819117,127.2882152,75.0,1343.0,14.509804,14.90196,7840.0,3.86,43.52941,350.0,15.686275,0.0234375,0.0,63.0,93.0,0.0,0.0,0.0,2.0,100.0,0.0,0.0,0.0,6.0,0.0,0.0,null,14.577,0.4735771119594574
1407,23011501,0,20230115131322,37.3818617,127.2884489,74.0,1326.5,14.509804,14.90196,7890.0,3.86,43.52941,350.0,6.6666665,0.0234375,0.0,30.0,87.0,0.0,0.0,0.0,2.0,100.0,0.0,0.0,0.0,6.0,0.0,0.0,null,14.577,0.2610416114330292
1408,23011501,0,20230115131323,37.3818146,127.2886835,74.0,1289.0,14.509804,13.725491,7890.0,2.88,43.52941,350.0,6.27451,0.0234375,0.0,26.0,87.0,0.0,0.0,0.0,2.0,100.0,0.0,0.0,0.0,6.0,0.0,0.0,null,14.577,0.16431871056556702
1409,23011501,0,20230115131324,37.3817711,127.2889145,73.0,1297.5,14.509804,13.725491,8250.0,2.72,43.52941,350.0,6.27451,0.0234375,0.0,28.0,87.0,0.0,0.0,0.0,2.0,100.0,0.0,0.0,0.0,6.0,0.0,0.0,null,14.577,0.009554467163980007
1410,23011501,0,20230115131325,37.381729,127.289146,72.0,1282.5,14.509804,14.117647,8250.0,2.75,43.52941,350.0,6.27451,0.0234375,0.0,29.0,87.0,0.0,0.0,0.0,2.0,100.0,0.0,0.0,0.0,6.0,0.0,0.0,null,14.577,-0.18309372663497925
1411,23011501,0,20230115131326,37.3816892,127.2893735,71.0,1256.0,14.509804,14.117647,8600.0,2.72,43.52941,350.0,6.27451,0.0234375,0.0,29.0,87.0,0.0,0.0,0.0,2.0,100.0,0.0,0.0,0.0,6.0,0.0,0.0,null,14.506,-0.02862158603966236
1412,23011501,0,20230115131327,37.3816509,127.2896014,67.0,1256.0,14.509804,13.725491,8800.0,2.58,43.52941,350.0,6.27451,0.0,0.0,28.0,87.0,0.0,0.0,0.0,2.0,100.0,0.0,0.0,0.0,7.0,0.0,0.0,null,14.506,-0.3779674470424652
1413,23011501,0,20230115131328,37.3816152,127.2898207,61.0,1245.5,14.509804,14.117647,8800.0,3.02,43.52941,350.0,5.882353,0.0,0.0,28.0,87.0,0.0,0.0,0.0,2.0,100.0,0.0,0.0,0.0,7.0,0.0,0.0,null,14.506,-0.12919986248016357
1414,23011501,0,20230115131329,37.3815815,127.2900268,55.0,1323.0,14.509804,14.117647,9050.0,3.02,43.52941,350.0,6.6666665,0.0,0.0,28.0,87.0,0.0,0.0,0.0,2.0,100.0,0.0,0.0,0.0,7.0,0.0,0.0,null,14.506,-0.3699764013290405
1415,23011501,0,20230115131330,37.3815506,127.2902107,49.0,1465.5,14.509804,14.117647,9050.0,2.66,43.52941,350.0,6.27451,0.0,0.0,27.0,87.0,0.0,0.0,0.0,2.0,100.0,0.0,0.0,0.0,7.0,0.0,0.0,null,14.506,0.4072361886501312
1416,23011501,0,20230115131331,37.3815217,127.2903767,44.0,1329.5,14.509804,14.117647,9210.0,2.91,43.52941,350.0,6.27451,0.0,0.0,28.0,87.0,0.0,0.0,0.0,2.0,100.0,0.0,0.0,0.0,7.0,0.0,0.0,null,14.506,0.22279039025306702
1417,23011501,0,20230115131332,37.3814941,127.2905292,42.0,1336.5,14.509804,13.725491,9430.0,2.58,43.52941,350.0,5.882353,0.0,0.0,28.0,87.0,0.0,0.0,0.0,2.0,100.0,0.0,0.0,0.0,7.0,0.0,0.0,null,14.506,0.36045098304748535
1418,23011501,0,20230115131333,37.3814697,127.2906644,41.0,1417.0,14.509804,13.725491,9430.0,3.05,43.52941,350.0,6.27451,0.0,0.0,28.0,87.0,0.0,0.0,0.0,2.0,100.0,0.0,0.0,0.0,7.0,0.0,0.0,null,14.506,0.0344981886446476
1419,23011501,0,20230115131334,37.3814454,127.2907949,41.0,1403.0,14.509804,14.117647,9570.0,2.97,43.52941,350.0,6.27451,0.0,0.0,28.0,87.0,0.0,0.0,0.0,2.0,100.0,0.0,0.0,0.0,7.0,0.0,0.0,null,14.506,0.11369471251964569
1420,23011501,0,20230115131335,37.3814208,127.2909364,41.0,1407.5,14.509804,14.117647,9570.0,3.0,43.52941,350.0,6.6666665,0.0,0.0,28.0,87.0,0.0,0.0,0.0,1.0,100.0,0.0,0.0,0.0,7.0,0.0,0.0,null,14.506,-0.05266806483268738
1421,23011501,0,20230115131336,37.3813951,127.2910665,42.0,1407.5,20.0,14.117647,8470.0,5.44,43.52941,350.0,6.6666665,0.0,0.0,46.0,87.0,0.0,0.0,0.0,1.0,100.0,0.0,0.0,0.0,7.0,0.0,0.0,null,14.506,0.37650325894355774
1422,23011501,0,20230115131337,37.3813689,127.2911964,43.0,1455.0,20.0,14.509804,7940.0,3.25,43.52941,350.0,10.588235,0.0,0.0,46.0,87.0,0.0,0.0,0.0,1.0,100.0,0.0,0.0,0.0,7.0,0.0,0.0,null,14.506,-0.189797505736351
1423,23011501,0,20230115131338,37.3813424,127.2913263,44.0,1483.0,14.509804,14.509804,7940.0,3.27,43.52941,350.0,6.27451,0.0,0.0,25.0,87.0,0.0,0.0,0.0,1.0,100.0,0.0,0.0,0.0,7.0,0.0,0.0,null,14.506,-0.007462475448846817
1424,23011501,0,20230115131339,37.3813136,127.2914646,45.0,1478.0,14.509804,14.509804,8220.0,3.33,43.52941,350.0,6.27451,0.0,0.0,28.0,87.0,0.0,0.0,0.0,1.0,100.0,0.0,0.0,0.0,7.0,0.0,0.0,null,14.506,-0.14998482167720795
1425,23011501,0,20230115131340,37.3812852,127.2915984,46.0,1537.5,14.509804,14.509804,8370.0,3.33,43.52941,350.0,6.27451,0.0,0.0,28.0,87.0,0.0,0.0,0.0,1.0,100.0,0.0,0.0,0.0,7.0,0.0,0.0,null,14.506,-0.2270340621471405
1426,23011501,0,20230115131341,37.3812542,127.2917407,47.0,1579.0,14.509804,14.509804,8370.0,3.41,43.52941,350.0,6.27451,0.0,0.0,28.0,87.0,0.0,0.0,0.0,1.0,100.0,0.0,0.0,0.0,7.0,0.0,0.0,null,14.506,-0.40784743428230286
1427,23011501,0,20230115131342,37.3812235,127.2918784,48.0,1622.5,14.509804,14.509804,8370.0,3.52,43.52941,350.0,4.3137255,0.0,0.0,28.0,87.0,0.0,0.0,0.0,1.0,100.0,0.0,0.0,0.0,8.0,0.0,0.0,null,14.506,-0.015537039376795292
1428,23011501,0,20230115131343,37.3811902,127.2920245,49.0,1673.5,14.509804,14.509804,8580.0,3.61,43.52941,350.0,6.27451,0.0,0.0,28.0,85.0,0.0,0.0,0.0,1.0,100.0,0.0,0.0,0.0,8.0,0.0,0.0,null,14.506,0.012620280496776104
1429,23011501,0,20230115131344,37.3811552,127.2921746,50.0,1768.5,14.509804,14.509804,8710.0,3.75,44.705883,350.0,6.27451,0.0,0.0,52.0,85.0,0.0,0.0,0.0,1.0,100.0,0.0,0.0,0.0,8.0,0.0,0.0,null,14.506,-0.07510442286729813
1430,23011501,0,20230115131345,37.3811187,127.2923289,54.0,1768.5,20.784313,18.039215,8710.0,8.22,44.705883,350.0,20.784313,0.0,0.0,51.0,85.0,0.0,0.0,0.0,1.0,100.0,0.0,0.0,0.0,8.0,0.0,0.0,null,14.506,-0.13958893716335297
1431,23011501,0,20230115131346,37.3810808,127.2924873,56.0,1863.0,14.509804,18.039215,9520.0,4.0,44.705883,350.0,11.764706,0.0,0.0,51.0,85.0,0.0,0.0,0.0,1.0,100.0,0.0,0.0,0.0,8.0,0.0,0.0,null,14.577,-0.45893844962120056
1432,23011501,0,20230115131347,37.3810408,127.2926543,57.0,1906.5,14.509804,15.294118,9520.0,4.0,44.705883,350.0,7.0588236,0.0,0.0,24.0,85.0,0.0,0.0,0.0,1.0,100.0,0.0,0.0,0.0,7.0,0.0,0.0,null,14.577,-0.23704732954502106
1433,23011501,0,20230115131348,37.3809988,127.29283,58.0,1978.5,14.509804,15.294118,9640.0,4.44,44.705883,350.0,7.45098,0.0,0.0,30.0,85.0,0.0,0.0,0.0,1.0,100.0,0.0,0.0,0.0,8.0,0.0,0.0,null,14.577,-0.1740841567516327
1434,23011501,0,20230115131349,37.3809568,127.2930056,59.0,2025.0,14.509804,15.294118,9640.0,4.52,44.705883,350.0,7.8431373,0.0,0.0,29.0,85.0,0.0,0.0,0.0,1.0,100.0,0.0,0.0,0.0,8.0,0.0,0.0,null,14.577,-0.013219513930380344
1435,23011501,0,20230115131350,37.3809136,127.2931855,60.0,2061.0,14.509804,15.294118,9830.0,4.8,44.705883,350.0,7.8431373,0.0,0.0,28.0,85.0,0.0,0.0,0.0,1.0,100.0,0.0,0.0,0.0,8.0,0.0,0.0,null,14.577,-0.0823555588722229
1436,23011501,0,20230115131351,37.3808693,127.2933696,60.0,2065.0,14.509804,15.294118,9930.0,4.75,44.705883,350.0,7.45098,0.0,0.0,27.0,85.0,0.0,0.0,0.0,1.0,100.0,0.0,0.0,0.0,8.0,0.0,0.0,null,14.577,-0.4454314410686493
1437,23011501,0,20230115131352,37.3808221,127.2935574,59.0,2016.0,14.509804,15.294118,9930.0,4.58,44.705883,350.0,7.45098,0.0,0.0,27.0,85.0,0.0,0.0,0.0,1.0,100.0,0.0,0.0,0.0,8.0,0.0,0.0,null,14.577,-1.2490893602371216
1438,23011501,0,20230115131353,37.3807719,127.2937342,56.0,2016.0,14.509804,15.294118,10070.0,4.47,44.705883,350.0,7.45098,0.0,0.0,27.0,84.0,0.0,0.0,0.0,1.0,100.0,0.0,0.0,0.0,8.0,0.0,0.0,null,14.577,-0.9775766134262085
1439,23011501,0,20230115131354,37.3807147,127.2939079,55.0,1926.0,14.509804,15.294118,10150.0,4.33,44.705883,350.0,7.0588236,0.0,0.0,27.0,84.0,0.0,0.0,0.0,1.0,100.0,0.0,0.0,0.0,8.0,0.0,0.0,null,14.577,-1.9764087200164795
1440,23011501,0,20230115131355,37.3806495,127.294072,55.0,2204.5,14.509804,15.686275,10150.0,4.33,44.705883,350.0,6.6666665,0.0,0.0,26.0,84.0,0.0,0.0,0.0,1.0,100.0,0.0,0.0,0.0,8.0,0.0,0.0,null,14.577,-2.490631580352783
1441,23011501,0,20230115131356,37.3805751,127.2942245,53.0,2169.0,14.509804,15.686275,10260.0,5.08,44.705883,350.0,7.45098,0.0,0.0,27.0,84.0,0.0,0.0,0.0,1.0,100.0,0.0,0.0,0.0,8.0,0.0,0.0,null,14.577,-2.8553338050842285
1442,23011501,0,20230115131357,37.3804927,127.294365,51.0,2088.5,14.509804,15.686275,10260.0,4.91,44.705883,350.0,7.45098,0.0,0.0,27.0,84.0,0.0,0.0,0.0,1.0,100.0,0.0,0.0,0.0,8.0,0.0,0.0,null,14.577,-2.7584640979766846
1443,23011501,0,20230115131358,37.3804035,127.2944927,49.0,1944.5,14.509804,15.294118,10350.0,4.47,44.705883,350.0,6.27451,0.0,0.0,27.0,84.0,0.0,0.0,0.0,1.0,100.0,0.0,0.0,0.0,8.0,0.0,0.0,null,14.577,-2.523815155029297
1444,23011501,0,20230115131359,37.3803112,127.2946044,47.0,1891.0,14.509804,14.90196,10350.0,4.27,44.705883,350.0,6.27451,0.0,0.0,28.0,84.0,0.0,0.0,0.0,1.0,100.0,0.0,0.0,0.0,8.0,0.0,0.0,null,14.577,-2.6015615463256836
1445,23011501,0,20230115131400,37.3802175,127.2947007,46.0,1862.0,16.078432,14.90196,10460.0,4.11,44.705883,350.0,6.27451,0.0,0.0,30.0,84.0,0.0,0.0,0.0,1.0,100.0,0.0,0.0,0.0,8.0,0.0,0.0,null,14.577,-2.0421032905578613
1446,23011501,0,20230115131401,37.3801185,127.2947883,45.0,1832.5,16.078432,16.470589,9270.0,6.08,44.705883,350.0,10.588235,0.0,0.0,42.0,84.0,0.0,0.0,0.0,1.0,100.0,0.0,0.0,0.0,8.0,0.0,0.0,null,14.577,-1.8920973539352417
1447,23011501,0,20230115131402,37.3800185,127.2948659,46.0,1832.5,23.921568,18.431372,9270.0,9.13,44.705883,350.0,12.156863,0.0,0.0,42.0,84.0,0.0,0.0,0.0,1.0,100.0,0.0,0.0,0.0,8.0,0.0,0.0,null,14.577,-1.0664050579071045
1448,23011501,0,20230115131403,37.3799156,127.2949374,46.0,1846.0,27.058823,18.431372,9300.0,9.13,44.705883,350.0,13.333333,0.0,0.0,52.0,82.0,0.0,0.0,0.0,1.0,100.0,0.0,0.0,0.0,8.0,0.0,0.0,null,14.577,-1.3208467960357666
1449,23011501,0,20230115131404,37.3798103,127.2950028,48.0,1960.0,27.058823,41.568626,9300.0,9.83,44.313725,350.0,36.07843,0.0,0.0,92.0,82.0,0.0,0.0,0.0,1.0,100.0,0.0,0.0,0.0,8.0,0.0,0.0,null,14.577,-0.30793681740760803
1450,23011501,0,20230115131405,37.3797006,127.2950674,51.0,2137.5,36.07843,41.568626,20520.0,25.91,44.313725,350.0,48.235294,0.0,0.0,101.0,82.0,0.0,0.0,0.0,1.0,100.0,0.0,0.0,0.0,7.0,0.0,0.0,null,14.577,-0.8958964347839355
1451,23011501,0,20230115131406,37.3795867,127.2951313,54.0,1939.5,36.07843,38.431374,20520.0,29.52,44.313725,350.0,48.235294,0.0,0.0,106.0,82.0,0.0,0.0,0.0,1.0,100.0,0.0,0.0,0.0,7.0,0.0,0.0,null,14.577,-0.7404979467391968
1452,23011501,0,20230115131407,37.3794617,127.2951966,58.0,2003.0,36.07843,38.431374,28120.0,30.13,44.313725,350.0,49.411766,0.0,0.0,108.0,82.0,0.0,0.0,0.0,1.0,100.0,0.0,0.0,0.0,7.0,0.0,0.0,null,14.577,-0.5820994973182678
1453,23011501,0,20230115131408,37.3793289,127.2952622,62.0,2003.0,36.07843,39.215687,30790.0,34.36,44.313725,350.0,49.411766,0.0078125,0.0,113.0,82.0,0.0,0.0,0.0,1.0,100.0,0.0,0.0,0.0,6.0,0.0,0.0,null,14.577,-0.9409406185150146
1454,23011501,0,20230115131409,37.3791883,127.295327,65.0,2178.0,36.47059,40.0,30790.0,30.75,44.313725,350.0,56.47059,0.0078125,0.0,113.0,82.0,0.0,0.0,0.0,1.0,100.0,0.0,0.0,0.0,6.0,0.0,0.0,null,14.577,-1.3009408712387085
1455,23011501,0,20230115131410,37.3790356,127.2953897,66.0,1866.0,14.509804,40.0,19710.0,4.52,44.313725,350.0,39.215687,0.0078125,0.0,107.0,82.0,0.0,0.0,0.0,1.0,100.0,0.0,0.0,0.0,5.0,0.0,0.0,null,14.577,-1.4838393926620483
1456,23011501,0,20230115131411,37.3788739,127.2954454,66.0,1836.5,14.509804,14.509804,16550.0,3.75,44.313725,350.0,6.27451,0.0078125,0.0,27.0,82.0,0.0,0.0,0.0,1.0,100.0,0.0,0.0,0.0,5.0,0.0,0.0,null,14.577,-0.901984453201294
1457,23011501,0,20230115131412,37.3787069,127.2954941,65.0,1838.0,14.509804,14.90196,16550.0,4.0,44.313725,350.0,7.45098,0.0078125,0.0,32.0,82.0,0.0,0.0,0.0,1.0,100.0,0.0,0.0,0.0,5.0,0.0,0.0,null,14.577,-1.1258763074874878
1458,23011501,0,20230115131413,37.3785425,127.2955363,65.0,1826.0,14.509804,14.90196,16920.0,4.0,44.313725,350.0,7.0588236,0.0078125,0.0,33.0,84.0,0.0,0.0,0.0,1.0,100.0,0.0,0.0,0.0,6.0,0.0,0.0,null,14.577,-0.4445800483226776
1459,23011501,0,20230115131414,37.3783774,127.2955745,65.0,1803.0,14.509804,14.90196,16920.0,4.0,44.313725,350.0,7.0588236,0.0078125,0.0,28.0,84.0,0.0,0.0,0.0,1.0,100.0,0.0,0.0,0.0,6.0,0.0,0.0,null,14.577,-0.6679789423942566
1460,23011501,0,20230115131415,37.3782155,127.2956089,63.0,1787.5,14.509804,14.90196,17130.0,3.8,44.313725,350.0,6.27451,0.0078125,0.0,28.0,84.0,0.0,0.0,0.0,1.0,100.0,0.0,0.0,0.0,6.0,0.0,0.0,null,14.577,0.028403688222169876
1461,23011501,0,20230115131416,37.3780533,127.2956418,64.0,1780.5,14.509804,14.90196,17130.0,4.0,44.313725,350.0,5.490196,0.0078125,0.0,28.0,84.0,0.0,0.0,0.0,1.0,100.0,0.0,0.0,0.0,6.0,0.0,0.0,null,14.577,-0.6000818610191345
1462,23011501,0,20230115131417,37.377891,127.2956735,64.0,1779.0,14.509804,14.90196,17370.0,3.94,44.313725,350.0,5.490196,0.0078125,0.0,28.0,84.0,0.0,0.0,0.0,1.0,100.0,0.0,0.0,0.0,7.0,0.0,0.0,null,14.577,0.1589091420173645
1463,23011501,0,20230115131418,37.3777287,127.2957056,65.0,1779.0,14.509804,20.784313,16950.0,16.72,44.313725,350.0,9.019608,0.0078125,0.0,28.0,84.0,0.0,0.0,0.0,1.0,100.0,0.0,0.0,0.0,7.0,0.0,0.0,null,14.577,0.9996913075447083
1464,23011501,0,20230115131419,37.3775588,127.2957435,67.0,1835.5,30.980392,30.19608,16950.0,19.44,44.313725,350.0,33.72549,0.0078125,0.0,96.0,84.0,0.0,0.0,0.0,1.0,100.0,0.0,0.0,0.0,7.0,0.0,0.0,null,14.577,0.40768957138061523
1465,23011501,0,20230115131420,37.3773931,127.295777,68.0,1678.0,21.960785,30.19608,13610.0,9.33,44.313725,350.0,36.862743,0.0078125,0.0,98.0,84.0,0.0,0.0,0.0,1.0,100.0,0.0,0.0,0.0,7.0,0.0,0.0,null,14.577,0.055357739329338074
1466,23011501,0,20230115131421,37.3772238,127.2958118,69.0,1528.0,21.960785,17.647058,8190.0,6.08,44.313725,350.0,17.647058,0.0078125,0.0,88.0,84.0,0.0,0.0,0.0,1.0,100.0,0.0,0.0,0.0,7.0,0.0,0.0,null,14.577,-0.3571929931640625
1467,23011501,0,20230115131422,37.3770511,127.2958483,70.0,1536.0,21.960785,18.039215,8190.0,6.88,44.313725,350.0,12.156863,0.0078125,0.0,52.0,84.0,0.0,0.0,0.0,1.0,100.0,0.0,0.0,0.0,6.0,0.0,0.0,null,14.577,-0.25732603669166565
1468,23011501,0,20230115131423,37.3768754,127.2958896,70.0,1539.0,21.960785,18.039215,14360.0,6.88,44.313725,350.0,23.137255,0.0078125,0.0,87.0,84.0,0.0,0.0,0.0,1.0,100.0,0.0,0.0,0.0,7.0,0.0,0.0,null,14.577,1.1064515113830566
1469,23011501,0,20230115131424,37.3767008,127.2959368,71.0,1561.0,27.843138,18.039215,14360.0,12.02,44.313725,350.0,24.313726,0.0078125,0.0,95.0,84.0,0.0,0.0,0.0,1.0,100.0,0.0,0.0,0.0,7.0,0.0,0.0,null,14.577,0.8963552713394165
1470,23011501,0,20230115131425,37.3765239,127.2959925,72.0,1588.0,27.843138,30.588236,14750.0,14.11,44.313725,350.0,27.450981,0.0078125,0.0,97.0,84.0,0.0,0.0,0.0,1.0,100.0,0.0,0.0,0.0,7.0,0.0,0.0,null,14.577,1.0258188247680664
1471,23011501,0,20230115131426,37.3763486,127.2960554,72.0,1602.5,27.450981,25.490196,14750.0,12.22,44.313725,350.0,27.450981,0.0078125,0.0,94.0,84.0,0.0,0.0,0.0,1.0,100.0,0.0,0.0,0.0,6.0,0.0,0.0,null,14.577,0.9405051469802856
1472,23011501,0,20230115131427,37.3761753,127.2961265,73.0,1602.5,20.392157,25.490196,8620.0,6.58,44.313725,350.0,19.607843,0.0078125,0.0,94.0,84.0,0.0,0.0,0.0,1.0,100.0,0.0,0.0,0.0,6.0,0.0,0.0,null,14.553,1.2061777114868164
1473,23011501,0,20230115131428,37.3760006,127.2962066,72.0,1606.5,20.392157,15.294118,10110.0,10.69,44.313725,350.0,12.941176,0.0390625,0.0,54.0,84.0,0.0,0.0,0.0,1.0,100.0,0.0,0.0,0.0,6.0,0.0,0.0,null,14.553,0.7817752361297607
1474,23011501,0,20230115131429,37.3758285,127.2962948,73.0,1603.5,29.019608,27.843138,10110.0,10.69,44.313725,350.0,23.137255,0.0390625,0.0,90.0,84.0,0.0,0.0,0.0,1.0,100.0,0.0,0.0,0.0,7.0,0.0,0.0,null,14.553,1.3276126384735107
1475,23011501,0,20230115131430,37.3756597,127.2963921,74.0,1622.0,29.019608,27.843138,15660.0,13.02,44.313725,350.0,27.843138,0.0390625,0.0,95.0,84.0,0.0,0.0,0.0,1.0,100.0,0.0,0.0,0.0,7.0,0.0,0.0,null,14.553,1.6056759357452393
1476,23011501,0,20230115131431,37.3754913,127.2965012,74.0,1384.0,30.19608,27.843138,15660.0,14.02,44.313725,350.0,30.588236,0.0390625,0.0,96.0,84.0,0.0,0.0,0.0,1.0,100.0,0.0,0.0,0.0,6.0,0.0,0.0,null,14.553,1.6181102991104126
1477,23011501,0,20230115131432,37.3753303,127.2966176,75.0,1424.5,30.19608,27.843138,15610.0,14.38,44.313725,350.0,30.980392,0.0390625,0.0,96.0,84.0,0.0,0.0,0.0,1.0,100.0,0.0,0.0,0.0,6.0,0.0,0.0,null,14.553,1.2977772951126099
1478,23011501,0,20230115131433,37.3751676,127.2967477,76.0,1332.5,23.529411,27.450981,15610.0,11.25,44.313725,350.0,15.294118,0.0390625,0.0,87.0,84.0,0.0,0.0,0.0,1.0,100.0,0.0,0.0,0.0,6.0,0.0,0.0,null,14.553,1.4510514736175537
1479,23011501,0,20230115131434,37.3750091,127.2968859,75.0,1329.5,14.509804,27.450981,9190.0,2.58,44.313725,350.0,5.882353,0.0390625,0.0,24.0,84.0,0.0,0.0,0.0,1.0,100.0,0.0,0.0,0.0,6.0,0.0,0.0,null,14.553,1.289194941520691
1480,23011501,0,20230115131435,37.3748552,127.2970322,74.0,1299.5,14.509804,13.725491,8110.0,2.83,44.313725,350.0,5.882353,0.0390625,0.0,26.0,84.0,0.0,0.0,0.0,1.0,100.0,0.0,0.0,0.0,6.0,0.0,0.0,null,14.553,1.1180840730667114
1481,23011501,0,20230115131436,37.3747089,127.297183,73.0,1299.5,14.509804,14.117647,8110.0,2.86,44.313725,350.0,5.882353,0.0390625,0.0,28.0,84.0,0.0,0.0,0.0,1.0,100.0,0.0,0.0,0.0,6.0,0.0,0.0,null,14.553,1.6548845767974854
1482,23011501,0,20230115131437,37.3745678,127.2973416,70.0,1286.0,14.509804,14.117647,8450.0,2.66,44.313725,350.0,6.27451,0.0390625,0.0,28.0,84.0,0.0,0.0,0.0,1.0,100.0,0.0,0.0,0.0,7.0,0.0,0.0,null,14.553,1.219164490699768
1483,23011501,0,20230115131438,37.3744282,127.2975029,64.0,1210.5,14.509804,14.117647,8590.0,3.0,44.313725,350.0,5.882353,0.0390625,0.0,28.0,84.0,0.0,0.0,0.0,1.0,100.0,0.0,0.0,0.0,7.0,0.0,0.0,null,14.553,1.7458171844482422
1484,23011501,0,20230115131439,37.3743086,127.2976631,60.0,1395.5,14.509804,14.117647,8590.0,3.0,44.313725,350.0,6.27451,0.0390625,0.0,27.0,84.0,0.0,0.0,0.0,1.0,100.0,0.0,0.0,0.0,7.0,0.0,0.0,null,14.553,1.180616021156311
1485,23011501,0,20230115131440,37.374203,127.2978149,56.0,1261.5,14.509804,13.725491,8590.0,2.75,44.313725,350.0,5.882353,0.0390625,0.0,28.0,84.0,0.0,0.0,0.0,1.0,100.0,0.0,0.0,0.0,7.0,0.0,0.0,null,14.553,0.5562988519668579
1486,23011501,0,20230115131441,37.3741064,127.2979585,53.0,1261.5,14.509804,13.725491,8810.0,3.25,44.313725,350.0,5.882353,0.0390625,0.0,27.0,84.0,0.0,0.0,0.0,1.0,100.0,0.0,0.0,0.0,7.0,0.0,0.0,null,14.553,0.023653237149119377
1487,23011501,0,20230115131442,37.3740166,127.2980917,47.0,1459.0,14.509804,14.117647,8950.0,3.25,44.313725,350.0,6.27451,0.0390625,0.0,27.0,84.0,0.0,0.0,0.0,1.0,100.0,0.0,0.0,0.0,8.0,0.0,0.0,null,14.553,0.6711870431900024
1488,23011501,0,20230115131443,37.3739341,127.2982151,43.0,1266.5,14.509804,14.117647,8950.0,2.88,44.313725,350.0,6.27451,0.0390625,0.0,28.0,84.0,0.0,0.0,0.0,1.0,100.0,0.0,0.0,0.0,8.0,0.0,0.0,null,14.553,0.4521530568599701
1489,23011501,0,20230115131444,37.3738593,127.2983289,40.0,1402.0,14.509804,14.117647,8950.0,3.02,44.313725,350.0,6.27451,0.0390625,0.0,27.0,84.0,0.0,0.0,0.0,1.0,100.0,0.0,0.0,0.0,8.0,0.0,0.0,null,14.553,0.738754391670227
1490,23011501,0,20230115131445,37.3737931,127.2984341,36.0,1261.0,14.509804,14.117647,9120.0,2.75,44.313725,350.0,6.27451,0.0390625,0.0,28.0,83.0,0.0,0.0,0.0,1.0,100.0,0.0,0.0,0.0,8.0,0.0,0.0,null,14.553,0.5178441405296326
1491,23011501,0,20230115131446,37.3737322,127.2985333,33.0,1291.5,14.509804,13.725491,9220.0,2.8,45.490196,350.0,6.27451,0.0390625,0.0,28.0,83.0,0.0,0.0,0.0,1.0,100.0,0.0,0.0,0.0,8.0,0.0,0.0,null,14.553,0.2916332185268402
1492,23011501,0,20230115131447,37.3736783,127.2986221,28.0,1291.5,14.509804,13.725491,9220.0,2.52,45.490196,350.0,6.6666665,0.0390625,0.0,28.0,83.0,0.0,0.0,0.0,1.0,100.0,0.0,0.0,0.0,8.0,0.0,0.0,null,14.553,-0.10506848990917206
1493,23011501,0,20230115131448,37.3736306,127.2987002,26.0,1166.0,14.509804,13.725491,9360.0,2.83,45.490196,350.0,5.882353,0.0390625,0.0,28.0,83.0,0.0,0.0,0.0,1.0,100.0,0.0,0.0,0.0,8.0,0.0,0.0,null,14.483,-0.10283350199460983
1494,23011501,0,20230115131449,37.3735874,127.2987712,21.0,1304.5,14.509804,13.725491,9360.0,2.83,45.490196,350.0,6.27451,0.0,0.0,28.0,83.0,0.0,0.0,0.0,1.0,100.0,0.0,0.0,0.0,8.0,0.0,0.0,null,14.483,-0.13067618012428284
1495,23011501,0,20230115131450,37.3735485,127.298835,19.0,1078.0,14.509804,13.725491,9450.0,2.41,45.490196,350.0,6.27451,0.0,0.0,28.0,83.0,0.0,0.0,0.0,1.0,100.0,0.0,0.0,0.0,8.0,0.0,0.0,null,14.483,-0.1718502640724182
1496,23011501,0,20230115131451,37.3735099,127.298879,15.0,933.5,14.509804,12.941176,9410.0,1.88,45.490196,350.0,6.27451,0.0,0.0,27.0,83.0,0.0,0.0,0.0,1.0,100.0,0.0,0.0,0.0,8.0,0.0,0.0,null,14.483,-0.17122548818588257
1497,23011501,0,20230115131452,37.3734816,127.2989249,12.0,874.0,14.509804,12.941176,9410.0,4.08,45.490196,350.0,15.294118,0.0,0.0,41.0,83.0,0.0,0.0,0.0,1.0,100.0,0.0,0.0,0.0,8.0,0.0,0.0,null,14.483,-0.00811012089252472
1498,23011501,0,20230115131453,37.3734597,127.2989601,7.0,744.0,14.509804,14.509804,7980.0,3.33,45.490196,350.0,15.686275,0.0,0.0,48.0,83.0,0.0,0.0,0.0,1.0,100.0,0.0,0.0,0.0,8.0,0.0,0.0,null,14.483,-0.002408739412203431
1499,23011501,0,20230115131454,37.3734422,127.2989883,4.0,747.0,14.509804,14.117647,7980.0,3.13,45.490196,350.0,15.686275,0.0,0.0,49.0,83.0,0.0,0.0,0.0,1.0,100.0,0.0,0.0,0.0,8.0,0.0,0.0,null,14.483,0.031074119731783867
1500,23011501,0,20230115131455,37.3734334,127.2990023,0.0,747.5,14.509804,14.117647,7970.0,3.3,45.490196,350.0,15.686275,0.0,0.0,47.0,82.0,0.0,0.0,0.0,1.0,100.0,0.0,0.0,0.0,8.0,0.0,0.0,null,14.483,0.06037715822458267
1501,23011501,0,20230115131456,37.3734269,127.2990129,0.0,747.5,14.509804,14.117647,7860.0,3.0,45.490196,350.0,15.294118,0.0,0.0,72.0,82.0,0.0,0.0,0.0,1.0,100.0,0.0,0.0,0.0,8.0,0.0,0.0,null,14.483,0.17876096069812775
1502,23011501,0,20230115131457,37.3734269,127.2990129,0.0,158.0,14.509804,14.117647,7860.0,3.0,45.490196,350.0,0.0,0.0,0.0,72.0,82.0,0.0,0.0,0.0,1.0,100.0,0.0,0.0,0.0,8.0,0.0,0.0,null,14.483,0.018730944022536278
1503,23011501,0,20230115131458,37.3734269,127.2990129,0.0,0.0,14.509804,11.372549,8690.0,1.63,45.490196,350.0,0.0,0.0,0.0,97.0,82.0,0.0,0.0,0.0,1.0,100.0,0.0,0.0,0.0,9.0,0.0,0.0,null,14.483,0.015150105580687523
1504,23011501,0,20230115131459,37.3734269,127.2990129,0.0,0.0,14.509804,11.372549,8690.0,0.0,45.490196,350.0,0.0,0.0,0.0,98.0,82.0,0.0,0.0,0.0,1.0,100.0,0.0,0.0,0.0,9.0,0.0,0.0,null,14.483,0.018600305542349815
1505,23011501,0,20230115131500,37.3734269,127.2990129,0.0,0.0,14.509804,10.980392,8800.0,0.0,45.490196,350.0,0.0,0.0,0.0,99.0,82.0,0.0,0.0,0.0,1.0,100.0,0.0,0.0,0.0,9.0,0.0,0.0,null,14.483,0.017425483092665672
1506,23011501,0,20230115131501,37.3734269,127.2990129,0.0,0.0,14.509804,11.372549,8800.0,0.0,45.490196,350.0,0.0,0.0,0.0,99.0,82.0,0.0,0.0,0.0,1.0,100.0,0.0,0.0,0.0,9.0,0.0,0.0,null,14.483,0.016157520934939384
1507,23011501,0,20230115131502,37.3734269,127.2990129,0.0,0.0,14.509804,11.372549,8960.0,0.0,45.490196,350.0,0.0,0.0,0.0,99.0,82.0,0.0,0.0,0.0,1.0,100.0,0.0,0.0,0.0,8.0,0.0,0.0,null,14.483,0.017044944688677788
1508,23011501,0,20230115131503,37.3734269,127.2990129,0.0,0.0,14.509804,11.372549,9060.0,0.0,45.490196,350.0,0.0,0.0,0.0,99.0,82.0,0.0,0.0,0.0,1.0,100.0,0.0,0.0,0.0,8.0,0.0,0.0,null,14.483,0.016497431322932243
1509,23011501,0,20230115131504,37.3734269,127.2990129,0.0,0.0,14.509804,11.372549,9060.0,0.0,45.490196,350.0,0.0,0.0,0.0,99.0,82.0,0.0,0.0,0.0,1.0,100.0,0.0,0.0,0.0,8.0,0.0,0.0,null,14.483,0.005170768592506647
1510,23011501,0,20230115131505,37.3734269,127.2990129,0.0,0.0,14.509804,11.372549,9200.0,0.0,45.490196,350.0,0.0,0.0,0.0,99.0,82.0,0.0,0.0,0.0,1.0,100.0,0.0,0.0,0.0,8.0,0.0,0.0,null,14.483,0.0033369935117661953
1511,23011501,0,20230115131506,37.3734269,127.2990129,0.0,0.0,14.509804,11.372549,9200.0,0.0,45.490196,350.0,0.0,0.0,0.0,99.0,83.0,0.0,0.0,0.0,1.0,100.0,0.0,0.0,0.0,8.0,0.0,0.0,null,14.483,-0.0004894446465186775
1512,23011501,0,20230115131507,37.3734269,127.2990129,0.0,0.0,14.509804,10.980392,9290.0,0.0,45.490196,350.0,0.0,0.0,0.0,99.0,83.0,0.0,0.0,0.0,1.0,100.0,0.0,0.0,0.0,8.0,0.0,0.0,null,14.483,0.0008299283217638731
1513,23011501,0,20230115131508,37.3734269,127.2990129,0.0,0.0,14.509804,17.647058,9290.0,0.0,45.490196,350.0,0.0,0.0,0.0,99.0,83.0,0.0,0.0,0.0,1.0,100.0,0.0,0.0,0.0,8.0,0.0,0.0,null,14.483,0.000613584415987134
1514,23011501,0,20230115131509,37.3734269,127.2990129,0.0,0.0,14.509804,17.647058,9430.0,0.0,45.490196,350.0,0.0,0.0,0.0,99.0,83.0,0.0,0.0,0.0,1.0,100.0,0.0,0.0,0.0,8.0,0.0,0.0,null,12.128,0.003581157885491848
1515,23011501,0,20230115131510,37.3734269,127.2990129,0.0,0.0,14.509804,17.647058,9430.0,0.0,45.490196,350.0,0.0,0.0,0.0,99.0,83.0,0.0,0.0,0.0,1.0,100.0,0.0,0.0,0.0,8.0,0.0,0.0,null,12.128,-0.002858229912817478
1516,23011501,0,20230115131511,37.3734269,127.2990129,0.0,0.0,14.509804,17.647058,9520.0,0.0,45.490196,350.0,0.0,0.0,0.0,99.0,83.0,0.0,0.0,0.0,1.0,100.0,0.0,0.0,0.0,8.0,0.0,0.0,null,12.128,0.0017731391126289964
1517,23011501,0,20230115131512,37.3734269,127.2990129,0.0,0.0,14.509804,17.647058,9520.0,0.0,45.490196,350.0,0.0,0.0,0.0,99.0,83.0,0.0,0.0,0.0,1.0,100.0,0.0,0.0,0.0,8.0,0.0,0.0,null,12.128,0.0009429417550563812
1518,23011501,0,20230115131513,37.3734269,127.2990129,0.0,0.0,14.509804,17.647058,9670.0,0.0,45.490196,350.0,0.0,0.0,0.0,99.0,83.0,0.0,0.0,0.0,1.0,100.0,0.0,0.0,0.0,8.0,0.0,0.0,null,12.128,-0.0007553871255367994
1519,23011501,0,20230115131514,37.3734269,127.2990129,0.0,0.0,14.509804,17.647058,9670.0,0.0,45.490196,350.0,0.0,0.0,0.0,99.0,83.0,0.0,0.0,0.0,1.0,100.0,0.0,0.0,0.0,8.0,0.0,0.0,null,12.128,0.000921852421015501
1520,23011501,0,20230115131515,37.3734269,127.2990129,0.0,0.0,14.509804,17.647058,9760.0,0.0,45.490196,350.0,0.0,0.0,0.0,99.0,83.0,0.0,0.0,0.0,1.0,100.0,0.0,0.0,0.0,8.0,0.0,0.0,null,12.128,-0.0036350826267153025
1521,23011501,0,20230115131516,37.3734269,127.2990129,0.0,0.0,14.509804,17.647058,9760.0,0.0,45.490196,350.0,0.0,0.0,0.0,99.0,83.0,0.0,0.0,0.0,1.0,100.0,0.0,0.0,0.0,8.0,0.0,0.0,null,12.128,-0.0006322453264147043
1522,23011501,0,20230115131517,37.3734269,127.2990129,0.0,0.0,14.509804,17.647058,9890.0,0.0,45.490196,350.0,0.0,0.0,0.0,99.0,84.0,0.0,0.0,0.0,1.0,100.0,0.0,0.0,0.0,8.0,0.0,0.0,null,12.128,0.0001690392819000408
1523,23011501,0,20230115131518,37.3734269,127.2990129,0.0,0.0,14.509804,17.647058,9990.0,0.0,45.490196,350.0,0.0,0.0,0.0,99.0,84.0,0.0,0.0,0.0,1.0,100.0,0.0,0.0,0.0,8.0,0.0,0.0,null,12.128,0.010566173121333122
1524,23011501,0,20230115131519,37.3734269,127.2990129,0.0,0.0,14.509804,17.647058,9990.0,0.0,45.490196,350.0,0.0,0.0,0.0,99.0,84.0,0.0,0.0,0.0,1.0,100.0,0.0,0.0,0.0,8.0,0.0,0.0,null,12.128,0.005381839815527201
1525,23011501,0,20230115131520,37.3734269,127.2990129,0.0,0.0,14.509804,17.647058,9990.0,0.0,45.490196,350.0,0.0,0.0,0.0,99.0,84.0,0.0,0.0,0.0,1.0,100.0,0.0,0.0,0.0,8.0,0.0,0.0,null,12.128,0.0009669000282883644
1526,23011501,0,20230115131521,37.3734269,127.2990129,0.0,0.0,14.509804,17.647058,10120.0,0.0,45.490196,350.0,0.0,0.0,0.0,99.0,84.0,0.0,0.0,0.0,1.0,100.0,0.0,0.0,0.0,8.0,0.0,0.0,null,12.128,0.005614130292087793
1527,23011501,0,20230115131522,37.3734269,127.2990129,0.0,0.0,14.509804,17.647058,10210.0,0.0,45.490196,350.0,0.0,0.0,0.0,99.0,84.0,0.0,0.0,0.0,1.0,100.0,0.0,0.0,0.0,8.0,0.0,0.0,null,12.128,0.001039004186168313
1528,23011501,0,20230115131523,37.3734269,127.2990129,0.0,0.0,14.509804,17.647058,10210.0,0.0,45.490196,350.0,0.0,0.0,0.0,99.0,84.0,0.0,0.0,0.0,1.0,100.0,0.0,0.0,0.0,8.0,0.0,0.0,null,12.128,0.00044672569492831826
1529,23011501,0,20230115131524,37.3734269,127.2990129,0.0,0.0,14.509804,17.647058,10210.0,0.0,45.490196,350.0,0.0,0.0,0.0,99.0,84.0,0.0,0.0,0.0,1.0,100.0,0.0,0.0,0.0,8.0,0.0,0.0,null,12.128,0.003235266776755452
1530,23011501,0,20230115131525,37.3734269,127.2990129,0.0,0.0,14.509804,17.647058,10320.0,0.0,45.490196,350.0,0.0,0.0,0.0,99.0,84.0,0.0,0.0,0.0,1.0,100.0,0.0,0.0,0.0,8.0,0.0,0.0,null,12.128,0.004875050392001867
1531,23011501,0,20230115131526,37.3734269,127.2990129,0.0,0.0,14.509804,17.647058,10400.0,0.0,45.490196,350.0,0.0,0.0,0.0,99.0,84.0,0.0,0.0,0.0,1.0,100.0,0.0,0.0,0.0,8.0,0.0,0.0,null,12.128,0.006702326238155365
1532,23011501,0,20230115131527,37.3734269,127.2990129,0.0,0.0,14.509804,17.647058,10400.0,0.0,45.490196,350.0,0.0,0.0,0.0,99.0,84.0,0.0,0.0,0.0,1.0,100.0,0.0,0.0,0.0,8.0,0.0,0.0,null,12.128,0.0017721042968332767
1533,23011501,0,20230115131528,37.3734269,127.2990129,0.0,0.0,14.509804,17.647058,8320.0,0.0,45.490196,350.0,34.509804,0.0,0.0,99.0,85.0,0.0,0.0,0.0,1.0,100.0,0.0,0.0,0.0,8.0,0.0,0.0,null,12.128,0.07121534645557404
1534,23011501,0,20230115131529,37.3734269,127.2990129,2.0,869.0,14.509804,17.647058,8320.0,0.0,45.490196,350.0,15.686275,0.0,0.0,50.0,85.0,0.0,0.0,0.0,1.0,100.0,0.0,0.0,0.0,9.0,0.0,0.0,null,12.128,-0.03673652932047844
1535,23011501,0,20230115131530,37.3734247,127.2990164,3.0,734.0,14.509804,14.509804,7820.0,3.36,43.92157,350.0,15.686275,0.0,0.0,50.0,85.0,0.0,0.0,0.0,1.0,100.0,0.0,0.0,0.0,9.0,0.0,0.0,null,12.128,-0.002276225481182337
1536,23011501,0,20230115131531,37.3734225,127.2990199,4.0,734.0,14.509804,14.509804,7820.0,3.8,43.92157,350.0,16.470589,0.0,0.0,50.0,85.0,0.0,0.0,0.0,1.0,100.0,0.0,0.0,0.0,9.0,0.0,0.0,null,12.128,-0.021852096542716026
1537,23011501,0,20230115131532,37.3734181,127.299027,5.0,793.5,14.509804,14.509804,8050.0,3.8,43.92157,350.0,16.078432,0.0,0.0,52.0,85.0,0.0,0.0,0.0,1.0,100.0,0.0,0.0,0.0,9.0,0.0,0.0,null,14.389,0.029027538374066353
1538,23011501,0,20230115131533,37.3734115,127.2990375,8.0,1260.5,29.019608,14.509804,8050.0,6.08,43.92157,350.0,16.862745,0.0,0.0,76.0,85.0,0.0,0.0,0.0,1.0,100.0,0.0,0.0,0.0,9.0,0.0,0.0,null,14.389,-0.016974683851003647
1539,23011501,0,20230115131534,37.3734006,127.2990551,12.0,1772.5,29.019608,21.17647,12260.0,10.66,43.92157,350.0,22.352942,0.0078125,0.0,93.0,85.0,0.0,0.0,0.0,1.0,100.0,0.0,0.0,0.0,9.0,0.0,0.0,null,14.389,-0.0026426215190440416
1540,23011501,0,20230115131535,37.3733852,127.2990797,16.0,1734.5,27.450981,22.745098,12260.0,13.36,43.92157,350.0,22.352942,0.0078125,0.0,90.0,85.0,0.0,0.0,0.0,1.0,100.0,0.0,0.0,0.0,8.0,0.0,0.0,null,14.389,0.027216702699661255
1541,23011501,0,20230115131536,37.3733633,127.2991149,20.0,1734.5,28.62745,22.745098,11330.0,10.77,43.92157,350.0,21.568628,0.0078125,0.0,90.0,85.0,0.0,0.0,0.0,1.0,100.0,0.0,0.0,0.0,8.0,0.0,0.0,null,14.389,0.03316887468099594
1542,23011501,0,20230115131537,37.3733369,127.2991571,23.0,1746.0,28.62745,27.450981,11330.0,10.77,43.92157,350.0,24.313726,0.0078125,0.0,93.0,85.0,0.0,0.0,0.0,1.0,100.0,0.0,0.0,0.0,8.0,0.0,0.0,null,14.389,0.05389721691608429
1543,23011501,0,20230115131538,37.373304,127.2992098,26.0,1364.5,28.62745,27.450981,15940.0,15.83,43.92157,350.0,21.568628,0.0078125,0.0,97.0,85.0,0.0,0.0,0.0,1.0,100.0,0.0,0.0,0.0,8.0,0.0,0.0,null,14.389,-0.1444021314382553
1544,23011501,0,20230115131539,37.3732667,127.2992696,27.0,1549.5,26.27451,22.352942,15940.0,9.55,43.92157,350.0,26.27451,0.0078125,0.0,95.0,85.0,0.0,0.0,0.0,1.0,100.0,0.0,0.0,0.0,8.0,0.0,0.0,null,14.389,0.17820584774017334
1545,23011501,0,20230115131540,37.373225,127.2993364,30.0,1549.5,31.764706,22.352942,16110.0,15.66,43.92157,350.0,26.27451,0.0078125,0.0,96.0,82.0,0.0,0.0,0.0,1.0,100.0,0.0,0.0,0.0,8.0,0.0,0.0,null,14.389,0.5973445177078247
1546,23011501,0,20230115131541,37.3731815,127.2994071,33.0,1742.5,31.764706,29.411764,17880.0,18.41,43.92157,350.0,29.80392,0.0078125,0.0,96.0,82.0,0.0,0.0,0.0,1.0,100.0,0.0,0.0,0.0,8.0,0.0,0.0,null,14.389,0.44859158992767334
1547,23011501,0,20230115131542,37.3731322,127.2994891,36.0,1887.0,33.72549,29.411764,17880.0,18.41,43.92157,350.0,38.039215,0.0078125,0.0,97.0,82.0,0.0,0.0,0.0,1.0,100.0,0.0,0.0,0.0,7.0,0.0,0.0,null,14.389,0.5008484721183777
1548,23011501,0,20230115131543,37.3730791,127.2995787,40.0,1629.5,33.72549,34.901962,17880.0,22.19,43.92157,350.0,41.568626,0.0078125,0.0,101.0,82.0,0.0,0.0,0.0,1.0,100.0,0.0,0.0,0.0,7.0,0.0,0.0,null,14.389,0.5348895192146301
1549,23011501,0,20230115131544,37.3730225,127.2996761,43.0,1629.5,32.54902,34.901962,20990.0,21.58,43.92157,350.0,41.568626,0.0078125,0.0,96.0,82.0,0.0,0.0,0.0,1.0,100.0,0.0,0.0,0.0,7.0,0.0,0.0,null,14.389,-0.12296361476182938
1550,23011501,0,20230115131545,37.3729615,127.2997807,45.0,1727.0,32.54902,25.09804,14990.0,12.5,43.92157,350.0,29.411764,0.0078125,0.0,96.0,82.0,0.0,0.0,0.0,1.0,100.0,0.0,0.0,0.0,6.0,0.0,0.0,null,14.389,-0.6100311875343323
1551,23011501,0,20230115131546,37.3728932,127.2998951,47.0,1614.0,35.294117,32.156864,14990.0,12.5,43.92157,350.0,38.82353,0.0078125,0.0,97.0,82.0,0.0,0.0,0.0,1.0,100.0,0.0,0.0,0.0,6.0,0.0,0.0,null,14.389,-0.2713817358016968
1552,23011501,0,20230115131547,37.3728213,127.3000118,50.0,1497.0,35.294117,32.156864,22150.0,22.27,43.92157,350.0,44.313725,0.0078125,0.0,100.0,82.0,0.0,0.0,0.0,1.0,100.0,0.0,0.0,0.0,6.0,0.0,0.0,null,14.389,-0.02526591718196869
1553,23011501,0,20230115131548,37.3727361,127.3001289,52.0,1478.0,36.07843,32.156864,22150.0,21.72,43.92157,350.0,43.92157,0.0078125,0.0,102.0,82.0,0.0,0.0,0.0,1.0,100.0,0.0,0.0,0.0,6.0,0.0,0.0,null,14.389,-0.30523648858070374
1554,23011501,0,20230115131549,37.3726562,127.3002548,56.0,1561.0,36.07843,35.686275,23740.0,23.02,43.92157,350.0,43.92157,0.0078125,0.0,105.0,82.0,0.0,0.0,0.0,1.0,100.0,0.0,0.0,0.0,6.0,0.0,0.0,null,14.389,-0.28623369336128235
1555,23011501,0,20230115131550,37.3725688,127.3003904,57.0,1590.5,27.058823,25.09804,23740.0,20.55,43.92157,350.0,45.098038,0.0078125,0.0,71.0,82.0,0.0,0.0,0.0,1.0,100.0,0.0,0.0,0.0,6.0,0.0,0.0,null,14.389,-0.5423816442489624
1556,23011501,0,20230115131551,37.372478,127.3005284,56.0,1590.5,14.509804,25.09804,12740.0,2.91,43.92157,350.0,11.372549,0.0078125,0.0,71.0,86.0,0.0,0.0,0.0,1.0,100.0,0.0,0.0,0.0,5.0,0.0,0.0,null,14.389,-0.6558347940444946
1557,23011501,0,20230115131552,37.372383,127.3006677,56.0,1541.5,14.509804,14.117647,12740.0,2.91,42.35294,350.0,6.27451,0.0078125,0.0,25.0,86.0,0.0,0.0,0.0,1.0,100.0,0.0,0.0,0.0,6.0,0.0,0.0,null,14.389,-0.9371556639671326
1558,23011501,0,20230115131553,37.372288,127.3008013,55.0,1535.0,14.509804,14.117647,12260.0,3.25,42.35294,350.0,7.8431373,0.0078125,0.0,27.0,86.0,0.0,0.0,0.0,1.0,100.0,0.0,0.0,0.0,6.0,0.0,0.0,null,14.389,-0.6841999292373657
1559,23011501,0,20230115131554,37.3721914,127.3009328,56.0,1558.0,26.666666,21.960785,12260.0,9.94,42.35294,350.0,21.568628,0.0078125,0.0,93.0,86.0,0.0,0.0,0.0,1.0,100.0,0.0,0.0,0.0,7.0,0.0,0.0,null,14.389,-0.4503078758716583
1560,23011501,0,20230115131555,37.3720931,127.3010625,57.0,1384.0,27.058823,21.960785,12380.0,11.33,42.35294,350.0,21.568628,0.0078125,0.0,96.0,86.0,0.0,0.0,0.0,1.0,100.0,0.0,0.0,0.0,7.0,0.0,0.0,null,14.53,-0.33927884697914124
1561,23011501,0,20230115131556,37.3719934,127.3011905,57.0,1384.0,27.058823,23.529411,9810.0,7.63,42.35294,350.0,23.137255,-0.015625,0.0,96.0,86.0,0.0,0.0,0.0,1.0,100.0,0.0,0.0,0.0,7.0,0.0,0.0,null,14.53,-0.27315860986709595
1562,23011501,0,20230115131557,37.3718927,127.3013172,57.0,1271.0,16.078432,14.117647,9810.0,2.91,42.35294,350.0,11.764706,-0.015625,0.0,73.0,86.0,0.0,0.0,0.0,1.0,100.0,0.0,0.0,0.0,7.0,0.0,0.0,null,14.53,-0.4342412054538727
1563,23011501,0,20230115131558,37.3717879,127.3014452,56.0,1241.0,16.078432,14.117647,8060.0,2.91,42.35294,350.0,6.6666665,-0.015625,0.0,27.0,86.0,0.0,0.0,0.0,1.0,100.0,0.0,0.0,0.0,7.0,0.0,0.0,null,14.53,-0.4926415681838989
1564,23011501,0,20230115131559,37.3716724,127.3015757,55.0,1220.0,16.470589,14.117647,8060.0,2.58,42.35294,350.0,6.6666665,-0.015625,0.0,28.0,86.0,0.0,0.0,0.0,1.0,100.0,0.0,0.0,0.0,7.0,0.0,0.0,null,14.53,-0.4363252520561218
1565,23011501,0,20230115131600,37.3715668,127.3016959,56.0,1331.5,16.470589,18.039215,12560.0,12.75,42.35294,350.0,6.6666665,-0.015625,0.0,99.0,86.0,0.0,0.0,0.0,1.0,100.0,0.0,0.0,0.0,7.0,0.0,0.0,null,14.53,-0.9663661122322083
1566,23011501,0,20230115131601,37.3714597,127.3018144,58.0,1324.5,34.509804,34.117645,12560.0,21.16,42.35294,350.0,43.137257,-0.015625,0.0,99.0,86.0,0.0,0.0,0.0,1.0,100.0,0.0,0.0,0.0,8.0,0.0,0.0,null,14.53,-0.2722785770893097
1567,23011501,0,20230115131602,37.3713489,127.3019342,59.0,1324.5,20.784313,34.117645,12290.0,7.05,42.35294,350.0,27.450981,-0.015625,0.0,99.0,87.0,0.0,0.0,0.0,1.0,100.0,0.0,0.0,0.0,7.0,0.0,0.0,null,14.53,0.13700950145721436
1568,23011501,0,20230115131603,37.3712346,127.3020558,59.0,1310.5,20.784313,16.078432,7940.0,7.05,42.35294,350.0,13.333333,-0.015625,0.0,71.0,87.0,0.0,0.0,0.0,1.0,100.0,0.0,0.0,0.0,7.0,0.0,0.0,null,14.53,-0.3597894012928009
1569,23011501,0,20230115131604,37.3711197,127.3021766,59.0,1309.5,14.509804,16.078432,7940.0,5.22,42.35294,350.0,12.54902,-0.015625,0.0,57.0,87.0,0.0,0.0,0.0,1.0,100.0,0.0,0.0,0.0,7.0,0.0,0.0,null,14.53,-0.06890510022640228
1570,23011501,0,20230115131605,37.3710045,127.3022971,59.0,1297.5,14.509804,14.90196,7940.0,4.44,42.35294,350.0,7.0588236,-0.015625,0.0,33.0,87.0,0.0,0.0,0.0,1.0,100.0,0.0,0.0,0.0,7.0,0.0,0.0,null,14.53,-0.26704975962638855
1571,23011501,0,20230115131606,37.370889,127.3024171,58.0,1255.0,14.509804,14.90196,7870.0,2.86,42.35294,350.0,7.0588236,-0.015625,0.0,27.0,87.0,0.0,0.0,0.0,1.0,100.0,0.0,0.0,0.0,7.0,0.0,0.0,null,14.53,-0.5020950436592102
1572,23011501,0,20230115131607,37.3707736,127.3025371,57.0,1255.0,14.509804,13.725491,8090.0,5.22,42.35294,350.0,6.27451,-0.015625,0.0,27.0,87.0,0.0,0.0,0.0,1.0,100.0,0.0,0.0,0.0,7.0,0.0,0.0,null,14.53,0.16863994300365448
1573,23011501,0,20230115131608,37.3706591,127.3026585,57.0,1265.5,20.0,13.725491,8090.0,5.22,42.35294,350.0,11.764706,-0.015625,0.0,49.0,87.0,0.0,0.0,0.0,1.0,100.0,0.0,0.0,0.0,8.0,0.0,0.0,null,14.53,0.33713585138320923
1574,23011501,0,20230115131609,37.3705482,127.3027784,57.0,1265.5,20.0,15.686275,8090.0,5.19,42.35294,350.0,12.156863,-0.015625,0.0,54.0,87.0,0.0,0.0,0.0,1.0,100.0,0.0,0.0,0.0,8.0,0.0,0.0,null,14.53,0.4136013090610504
1575,23011501,0,20230115131610,37.3704372,127.3028982,57.0,1267.0,20.0,15.686275,7860.0,5.16,42.35294,350.0,12.54902,-0.015625,0.0,55.0,87.0,0.0,0.0,0.0,1.0,100.0,0.0,0.0,0.0,8.0,0.0,0.0,null,14.53,-0.13490383327007294
1576,23011501,0,20230115131611,37.3703174,127.3030229,57.0,1272.0,20.0,15.686275,7870.0,4.91,42.35294,350.0,12.54902,-0.015625,0.0,66.0,87.0,0.0,0.0,0.0,1.0,100.0,0.0,0.0,0.0,8.0,0.0,0.0,null,14.53,0.006954970769584179
1577,23011501,0,20230115131612,37.3702054,127.3031411,58.0,1296.5,29.411764,26.27451,7870.0,10.75,42.35294,350.0,20.392157,-0.015625,0.0,95.0,87.0,0.0,0.0,0.0,1.0,100.0,0.0,0.0,0.0,8.0,0.0,0.0,null,14.53,0.1906701624393463
1578,23011501,0,20230115131613,37.3700931,127.3032588,59.0,1296.5,29.80392,26.27451,14580.0,12.33,42.35294,350.0,27.843138,-0.015625,0.0,95.0,88.0,0.0,0.0,0.0,1.0,100.0,0.0,0.0,0.0,8.0,0.0,0.0,null,14.53,0.441296249628067
1579,23011501,0,20230115131614,37.3699783,127.3033799,60.0,1326.0,29.80392,27.450981,14580.0,12.33,43.137257,350.0,28.235294,-0.015625,0.0,96.0,88.0,0.0,0.0,0.0,1.0,100.0,0.0,0.0,0.0,8.0,0.0,0.0,null,14.53,0.46850451827049255
1580,23011501,0,20230115131615,37.3698616,127.3035051,60.0,1343.0,29.80392,27.450981,12800.0,11.61,43.137257,350.0,15.686275,-0.015625,0.0,84.0,88.0,0.0,0.0,0.0,1.0,100.0,0.0,0.0,0.0,7.0,0.0,0.0,null,14.53,0.5359636545181274
1581,23011501,0,20230115131616,37.3697466,127.3036329,60.0,1344.5,14.509804,14.117647,12800.0,2.8,43.137257,350.0,15.686275,-0.015625,0.0,27.0,88.0,0.0,0.0,0.0,1.0,100.0,0.0,0.0,0.0,7.0,0.0,0.0,null,14.53,0.8325178623199463
1582,23011501,0,20230115131617,37.3696317,127.3037674,60.0,1344.5,26.666666,14.117647,7880.0,8.13,43.137257,350.0,9.803922,-0.015625,0.0,89.0,88.0,0.0,0.0,0.0,1.0,100.0,0.0,0.0,0.0,7.0,0.0,0.0,null,14.577,0.09797023981809616
1583,23011501,0,20230115131618,37.3695235,127.3038977,61.0,1339.5,26.666666,26.666666,16730.0,8.13,43.137257,350.0,21.960785,-0.0234375,0.0,89.0,88.0,0.0,0.0,0.0,1.0,100.0,0.0,0.0,0.0,8.0,0.0,0.0,null,14.577,0.8107692003250122
1584,23011501,0,20230115131619,37.3694107,127.3040351,62.0,1364.5,33.333332,26.666666,16730.0,15.3,43.137257,350.0,39.60784,-0.0234375,0.0,98.0,88.0,0.0,0.0,0.0,1.0,100.0,0.0,0.0,0.0,8.0,0.0,0.0,null,14.577,0.5188379287719727
1585,23011501,0,20230115131620,37.3692985,127.3041732,64.0,1400.0,33.333332,30.19608,16730.0,18.36,43.137257,350.0,40.39216,-0.0234375,0.0,98.0,88.0,0.0,0.0,0.0,1.0,100.0,0.0,0.0,0.0,7.0,0.0,0.0,null,14.577,-0.05871555954217911
1586,23011501,0,20230115131621,37.3691845,127.3043153,65.0,1446.0,33.333332,30.19608,17900.0,19.58,43.137257,350.0,40.39216,-0.0234375,0.0,99.0,88.0,0.0,0.0,0.0,1.0,100.0,0.0,0.0,0.0,7.0,0.0,0.0,null,14.577,0.6500556468963623
1587,23011501,0,20230115131622,37.3690691,127.3044622,67.0,1446.0,33.333332,30.19608,17660.0,20.16,43.137257,350.0,40.784313,-0.0234375,0.0,99.0,88.0,0.0,0.0,0.0,1.0,100.0,0.0,0.0,0.0,7.0,0.0,0.0,null,14.577,0.41242820024490356
1588,23011501,0,20230115131623,37.3689528,127.3046143,67.0,1479.0,14.509804,14.509804,17660.0,20.16,43.137257,350.0,26.666666,-0.0234375,0.0,97.0,88.0,0.0,0.0,0.0,1.0,100.0,0.0,0.0,0.0,6.0,0.0,0.0,null,14.577,1.1072872877120972
1589,23011501,0,20230115131624,37.3688302,127.3047814,66.0,1449.5,14.509804,14.509804,9320.0,3.02,43.137257,350.0,5.882353,-0.0234375,0.0,27.0,88.0,0.0,0.0,0.0,1.0,100.0,0.0,0.0,0.0,6.0,0.0,0.0,null,14.577,0.30776867270469666
1590,23011501,0,20230115131625,37.3687177,127.3049378,65.0,1411.0,14.509804,14.509804,9320.0,2.83,43.137257,350.0,5.882353,-0.0234375,0.0,27.0,90.0,0.0,0.0,0.0,1.0,100.0,0.0,0.0,0.0,6.0,0.0,0.0,null,14.577,0.3702699542045593
1591,23011501,0,20230115131626,37.3686069,127.3050962,64.0,1411.0,14.509804,14.117647,9600.0,3.0,43.137257,350.0,5.882353,-0.0234375,0.0,27.0,90.0,0.0,0.0,0.0,1.0,100.0,0.0,0.0,0.0,7.0,0.0,0.0,null,14.577,0.35150548815727234
1592,23011501,0,20230115131627,37.3684998,127.3052528,63.0,1399.0,30.588236,14.117647,9600.0,3.0,43.137257,350.0,7.8431373,-0.0234375,0.0,28.0,90.0,0.0,0.0,0.0,1.0,100.0,0.0,0.0,0.0,7.0,0.0,0.0,null,14.577,0.14586910605430603
1593,23011501,0,20230115131628,37.3683944,127.305411,64.0,1450.0,30.588236,26.666666,9600.0,15.25,43.137257,350.0,24.705883,-0.0234375,0.0,97.0,90.0,0.0,0.0,0.0,1.0,100.0,0.0,0.0,0.0,8.0,0.0,0.0,null,14.577,0.14688779413700104
1594,23011501,0,20230115131629,37.36829,127.3055702,63.0,1377.0,14.509804,26.666666,10150.0,2.55,43.137257,350.0,24.705883,-0.0234375,0.0,25.0,90.0,0.0,0.0,0.0,1.0,100.0,0.0,0.0,0.0,8.0,0.0,0.0,null,14.577,0.1878107637166977
1595,23011501,0,20230115131630,37.3681878,127.305726,62.0,1377.0,14.509804,13.725491,8370.0,2.69,43.137257,350.0,6.27451,-0.0234375,0.0,27.0,90.0,0.0,0.0,0.0,1.0,100.0,0.0,0.0,0.0,7.0,0.0,0.0,null,14.577,-0.06368757784366608
1596,23011501,0,20230115131631,37.3680857,127.3058818,61.0,1355.0,14.509804,14.117647,8370.0,2.91,43.137257,350.0,5.882353,-0.0234375,0.0,27.0,90.0,0.0,0.0,0.0,1.0,100.0,0.0,0.0,0.0,7.0,0.0,0.0,null,14.577,0.3576986491680145
1597,23011501,0,20230115131632,37.3679844,127.3060385,59.0,1342.5,14.509804,14.117647,8610.0,2.91,43.137257,350.0,6.27451,-0.0234375,0.0,28.0,90.0,0.0,0.0,0.0,1.0,100.0,0.0,0.0,0.0,8.0,0.0,0.0,null,14.577,0.07902488857507706
1598,23011501,0,20230115131633,37.3678882,127.3061886,56.0,1275.5,14.509804,14.117647,8610.0,2.83,43.137257,350.0,6.27451,-0.0234375,0.0,29.0,90.0,0.0,0.0,0.0,1.0,100.0,0.0,0.0,0.0,8.0,0.0,0.0,null,14.577,0.1917436420917511
1599,23011501,0,20230115131634,37.3677943,127.3063354,52.0,1421.0,14.509804,13.725491,8750.0,2.5,43.137257,350.0,5.882353,-0.0234375,0.0,27.0,90.0,0.0,0.0,0.0,1.0,100.0,0.0,0.0,0.0,8.0,0.0,0.0,null,14.577,-0.07503994554281235
1600,23011501,0,20230115131635,37.3677047,127.306475,47.0,1320.5,14.509804,14.117647,8750.0,3.0,43.137257,350.0,5.882353,-0.0234375,0.0,28.0,90.0,0.0,0.0,0.0,1.0,100.0,0.0,0.0,0.0,8.0,0.0,0.0,null,14.577,0.02498888038098812
1601,23011501,0,20230115131636,37.3676212,127.306611,44.0,1320.5,14.509804,14.117647,8910.0,2.61,43.137257,350.0,6.27451,-0.0234375,0.0,28.0,90.0,0.0,0.0,0.0,1.0,100.0,0.0,0.0,0.0,8.0,0.0,0.0,null,14.577,-0.49385035037994385
1602,23011501,0,20230115131637,37.3675469,127.3067256,42.0,1462.0,14.509804,14.117647,8910.0,2.61,43.137257,350.0,6.27451,-0.0234375,0.0,27.0,90.0,0.0,0.0,0.0,1.0,100.0,0.0,0.0,0.0,8.0,0.0,0.0,null,14.577,0.1173144280910492
1603,23011501,0,20230115131638,37.3674771,127.306833,41.0,1404.0,14.509804,14.117647,9020.0,3.0,44.313725,350.0,6.27451,-0.0234375,0.0,28.0,90.0,0.0,0.0,0.0,1.0,100.0,0.0,0.0,0.0,8.0,0.0,0.0,null,14.577,-0.08138025552034378
1604,23011501,0,20230115131639,37.3674093,127.306937,39.0,1404.0,14.509804,14.117647,9020.0,2.91,44.313725,350.0,6.27451,-0.0234375,0.0,28.0,90.0,0.0,0.0,0.0,1.0,100.0,0.0,0.0,0.0,8.0,0.0,0.0,null,14.577,-0.16164329648017883
1605,23011501,0,20230115131640,37.3673438,127.3070373,39.0,1347.5,30.588236,14.117647,11550.0,2.91,44.313725,350.0,6.27451,-0.0234375,0.0,28.0,90.0,0.0,0.0,0.0,1.0,100.0,0.0,0.0,0.0,8.0,0.0,0.0,null,14.506,-0.06063009053468704
1606,23011501,0,20230115131641,37.3672805,127.307134,41.0,1467.5,30.588236,36.47059,11550.0,10.94,44.313725,350.0,40.784313,-0.0234375,0.0,98.0,90.0,0.0,0.0,0.0,1.0,100.0,0.0,0.0,0.0,8.0,0.0,0.0,null,14.506,0.15163195133209229
1607,23011501,0,20230115131642,37.3672171,127.3072308,45.0,1529.5,30.588236,36.47059,22160.0,25.3,44.313725,350.0,53.333332,-0.03125,0.0,113.0,90.0,0.0,0.0,0.0,1.0,100.0,0.0,0.0,0.0,8.0,0.0,0.0,null,14.506,0.096451535820961
1608,23011501,0,20230115131643,37.3671468,127.3073379,46.0,1584.0,30.19608,29.019608,22160.0,19.52,44.313725,350.0,27.058823,-0.03125,0.0,94.0,90.0,0.0,0.0,0.0,1.0,100.0,0.0,0.0,0.0,7.0,0.0,0.0,null,14.506,0.1075308620929718
1609,23011501,0,20230115131644,37.3670743,127.3074484,46.0,1560.5,14.509804,29.019608,13930.0,3.33,44.313725,350.0,27.058823,-0.03125,0.0,26.0,90.0,0.0,0.0,0.0,1.0,100.0,0.0,0.0,0.0,7.0,0.0,0.0,null,14.506,-0.23037274181842804
1610,23011501,0,20230115131645,37.3669971,127.3075656,45.0,1583.0,14.509804,16.470589,10670.0,6.83,44.313725,350.0,5.882353,-0.03125,0.0,88.0,90.0,0.0,0.0,0.0,1.0,100.0,0.0,0.0,0.0,7.0,0.0,0.0,null,14.506,-0.08758647739887238
1611,23011501,0,20230115131646,37.3669244,127.3076758,46.0,1583.0,29.80392,27.058823,10670.0,12.61,44.313725,350.0,23.529411,-0.03125,0.0,93.0,90.0,0.0,0.0,0.0,1.0,100.0,0.0,0.0,0.0,8.0,0.0,0.0,null,14.506,-0.11570912599563599
1612,23011501,0,20230115131647,37.3668493,127.3077896,47.0,1584.5,23.137255,27.058823,8470.0,6.05,44.313725,350.0,20.392157,-0.03125,0.0,93.0,90.0,0.0,0.0,0.0,1.0,100.0,0.0,0.0,0.0,8.0,0.0,0.0,null,14.506,-0.020969754084944725
1613,23011501,0,20230115131648,37.3667728,127.3079074,47.0,1320.0,23.137255,16.078432,7940.0,6.05,44.313725,350.0,13.333333,-0.03125,0.0,64.0,90.0,0.0,0.0,0.0,1.0,100.0,0.0,0.0,0.0,7.0,0.0,0.0,null,14.506,-0.38036003708839417
1614,23011501,0,20230115131649,37.3666987,127.3080221,47.0,1313.0,14.509804,16.078432,7940.0,5.75,44.313725,350.0,14.509804,-0.03125,0.0,62.0,90.0,0.0,0.0,0.0,1.0,100.0,0.0,0.0,0.0,8.0,0.0,0.0,null,14.506,-0.012298236601054668
1615,23011501,0,20230115131650,37.3666225,127.3081404,46.0,1308.0,14.509804,14.509804,12590.0,4.58,44.313725,350.0,13.333333,-0.03125,0.0,47.0,90.0,0.0,0.0,0.0,1.0,100.0,0.0,0.0,0.0,8.0,0.0,0.0,null,14.506,0.06648792326450348
1616,23011501,0,20230115131651,37.3665464,127.3082588,48.0,1332.0,32.156864,14.509804,12590.0,11.55,44.313725,350.0,34.117645,-0.03125,0.0,96.0,90.0,0.0,0.0,0.0,1.0,100.0,0.0,0.0,0.0,8.0,0.0,0.0,null,14.506,0.21653634309768677
1617,23011501,0,20230115131652,37.3664729,127.3083741,49.0,1370.0,32.156864,32.156864,16260.0,16.55,44.313725,350.0,21.960785,-0.03125,0.0,95.0,90.0,0.0,0.0,0.0,1.0,100.0,0.0,0.0,0.0,7.0,0.0,0.0,null,14.506,0.23368701338768005
1618,23011501,0,20230115131653,37.3663955,127.3084968,49.0,1389.5,22.352942,18.431372,16260.0,7.27,44.313725,350.0,18.82353,-0.03125,0.0,72.0,90.0,0.0,0.0,0.0,1.0,100.0,0.0,0.0,0.0,7.0,0.0,0.0,null,14.506,-0.03414967656135559
1619,23011501,0,20230115131654,37.3663184,127.3086315,51.0,1420.5,32.54902,18.431372,14010.0,13.33,44.313725,350.0,38.431374,-0.03125,0.0,97.0,90.0,0.0,0.0,0.0,1.0,100.0,0.0,0.0,0.0,7.0,0.0,0.0,null,14.506,0.10795245319604874
1620,23011501,0,20230115131655,37.3662388,127.308758,53.0,1472.5,32.54902,40.0,21260.0,22.97,44.313725,350.0,38.431374,-0.03125,0.0,105.0,90.0,0.0,0.0,0.0,1.0,100.0,0.0,0.0,0.0,7.0,0.0,0.0,null,14.506,-0.3005782663822174
1621,23011501,0,20230115131656,37.3661568,127.3088877,55.0,1566.0,36.07843,36.47059,21260.0,23.72,44.313725,350.0,44.705883,-0.03125,0.0,107.0,90.0,0.0,0.0,0.0,1.0,100.0,0.0,0.0,0.0,7.0,0.0,0.0,null,14.506,-0.340210884809494
1622,23011501,0,20230115131657,37.3660699,127.3090241,58.0,1566.0,33.72549,36.47059,23720.0,23.47,44.313725,350.0,46.666668,-0.03125,0.0,98.0,91.0,0.0,0.0,0.0,1.0,100.0,0.0,0.0,0.0,6.0,0.0,0.0,null,14.506,-0.09718824923038483
1623,23011501,0,20230115131658,37.3659803,127.3091636,58.0,1622.0,33.72549,15.686275,14000.0,3.66,43.52941,350.0,28.62745,-0.03125,0.0,98.0,91.0,0.0,0.0,0.0,1.0,100.0,0.0,0.0,0.0,6.0,0.0,0.0,null,14.506,-0.10347606241703033
1624,23011501,0,20230115131659,37.3658855,127.3093093,57.0,1593.0,14.509804,14.117647,14000.0,3.66,43.52941,350.0,5.882353,-0.03125,0.0,25.0,91.0,0.0,0.0,0.0,1.0,100.0,0.0,0.0,0.0,6.0,0.0,0.0,null,14.506,-0.47558021545410156
1625,23011501,0,20230115131700,37.3657923,127.309451,56.0,1568.5,14.509804,14.117647,12970.0,3.33,43.52941,350.0,6.27451,-0.03125,0.0,27.0,91.0,0.0,0.0,0.0,1.0,100.0,0.0,0.0,0.0,6.0,0.0,0.0,null,14.506,0.19906914234161377
1626,23011501,0,20230115131701,37.3657013,127.3095891,54.0,1533.0,14.509804,14.117647,12970.0,3.36,43.52941,350.0,6.27451,-0.03125,0.0,28.0,91.0,0.0,0.0,0.0,1.0,100.0,0.0,0.0,0.0,7.0,0.0,0.0,null,14.506,0.3786848187446594
1627,23011501,0,20230115131702,37.3656108,127.3097277,53.0,1491.5,14.509804,14.509804,13140.0,3.19,43.52941,350.0,7.45098,0.0,0.0,28.0,91.0,0.0,0.0,0.0,1.0,100.0,0.0,0.0,0.0,7.0,0.0,0.0,null,14.506,-0.12206950038671494
1628,23011501,0,20230115131703,37.3655249,127.3098595,54.0,1533.0,29.019608,24.313726,13140.0,12.11,43.52941,350.0,30.19608,0.0,0.0,97.0,91.0,0.0,0.0,0.0,1.0,100.0,0.0,0.0,0.0,8.0,0.0,0.0,null,14.506,0.1585460603237152
1629,23011501,0,20230115131704,37.3654367,127.3099947,55.0,1314.5,23.921568,24.313726,14800.0,9.69,43.52941,350.0,30.19608,0.0,0.0,92.0,91.0,0.0,0.0,0.0,1.0,100.0,0.0,0.0,0.0,8.0,0.0,0.0,null,14.506,0.08825257420539856
1630,23011501,0,20230115131705,37.3653488,127.3101301,54.0,1314.5,23.921568,15.686275,8100.0,4.41,43.52941,350.0,18.82353,0.0,0.0,92.0,91.0,0.0,0.0,0.0,1.0,100.0,0.0,0.0,0.0,7.0,0.0,0.0,null,14.506,0.2892184853553772
1631,23011501,0,20230115131706,37.3652615,127.310266,54.0,1201.0,20.0,15.294118,8100.0,4.75,43.52941,350.0,12.156863,0.0,0.0,56.0,91.0,0.0,0.0,0.0,1.0,100.0,0.0,0.0,0.0,7.0,0.0,0.0,null,14.506,0.36383262276649475
1632,23011501,0,20230115131707,37.3651742,127.3104021,53.0,1198.5,20.0,15.294118,7950.0,4.75,43.52941,350.0,12.941176,0.0,0.0,53.0,92.0,0.0,0.0,0.0,1.0,100.0,0.0,0.0,0.0,7.0,0.0,0.0,null,14.506,0.14219248294830322
1633,23011501,0,20230115131708,37.365089,127.3105346,52.0,1171.0,14.509804,13.725491,7950.0,2.77,43.52941,350.0,6.6666665,0.0,0.0,28.0,92.0,0.0,0.0,0.0,1.0,100.0,0.0,0.0,0.0,7.0,0.0,0.0,null,14.506,0.05611356720328331
1634,23011501,0,20230115131709,37.3650011,127.31067,51.0,1154.0,14.509804,13.725491,8030.0,2.61,43.52941,350.0,5.882353,0.0,0.0,28.0,92.0,0.0,0.0,0.0,1.0,100.0,0.0,0.0,0.0,8.0,0.0,0.0,null,14.506,-0.07317056506872177
1635,23011501,0,20230115131710,37.3649174,127.3107982,49.0,1389.5,14.509804,14.117647,8030.0,3.0,43.52941,350.0,6.27451,0.0,0.0,28.0,92.0,0.0,0.0,0.0,1.0,100.0,0.0,0.0,0.0,8.0,0.0,0.0,null,14.506,0.021911753341555595
1636,23011501,0,20230115131711,37.3648354,127.3109224,48.0,1389.5,14.509804,14.117647,8250.0,2.91,43.52941,350.0,6.27451,0.0,0.0,28.0,92.0,0.0,0.0,0.0,1.0,100.0,0.0,0.0,0.0,8.0,0.0,0.0,null,14.506,-0.09221257269382477
1637,23011501,0,20230115131712,37.364755,127.3110423,47.0,1343.0,14.509804,14.117647,8380.0,2.8,43.52941,350.0,6.27451,0.0,0.0,28.0,92.0,0.0,0.0,0.0,1.0,100.0,0.0,0.0,0.0,8.0,0.0,0.0,null,14.506,-0.24265137314796448
1638,23011501,0,20230115131713,37.3646768,127.3111585,46.0,1337.5,23.529411,16.078432,8380.0,5.75,43.52941,350.0,9.019608,0.0,0.0,28.0,92.0,0.0,0.0,0.0,1.0,100.0,0.0,0.0,0.0,8.0,0.0,0.0,null,14.506,0.10930946469306946
1639,23011501,0,20230115131714,37.3645931,127.3112841,46.0,1292.5,32.156864,16.078432,13100.0,11.02,43.52941,350.0,17.254902,0.0,0.0,64.0,92.0,0.0,0.0,0.0,1.0,100.0,0.0,0.0,0.0,8.0,0.0,0.0,null,14.506,0.5425556898117065
1640,23011501,0,20230115131715,37.3645173,127.3113971,47.0,1303.5,32.156864,32.941177,18290.0,20.8,43.52941,350.0,36.07843,0.0,0.0,97.0,92.0,0.0,0.0,0.0,1.0,100.0,0.0,0.0,0.0,8.0,0.0,0.0,null,14.506,0.026704484596848488
1641,23011501,0,20230115131716,37.3644415,127.3115101,49.0,1341.5,37.64706,58.82353,18290.0,24.88,43.52941,350.0,49.019608,0.0,0.0,107.0,92.0,0.0,0.0,0.0,1.0,100.0,0.0,0.0,0.0,8.0,0.0,0.0,null,14.506,0.20280331373214722
1642,23011501,0,20230115131717,37.3643637,127.3116267,52.0,1401.5,36.07843,58.82353,22030.0,24.88,43.52941,350.0,52.54902,0.0,0.0,118.0,91.0,0.0,0.0,0.0,1.0,100.0,0.0,0.0,0.0,7.0,0.0,0.0,null,14.506,0.1421130895614624
1643,23011501,0,20230115131718,37.3642792,127.311754,54.0,1492.5,36.07843,31.37255,22030.0,24.69,43.92157,350.0,47.058823,0.0,0.0,114.0,91.0,0.0,0.0,0.0,1.0,100.0,0.0,0.0,0.0,7.0,0.0,0.0,null,14.506,0.02591835893690586
1644,23011501,0,20230115131719,37.364195,127.3118815,55.0,1522.0,21.568628,31.37255,18150.0,21.25,43.92157,350.0,24.705883,0.0,0.0,96.0,91.0,0.0,0.0,0.0,1.0,100.0,0.0,0.0,0.0,6.0,0.0,0.0,null,14.506,-0.09325636923313141
1645,23011501,0,20230115131720,37.3641064,127.3120162,54.0,1525.5,21.568628,19.215687,18150.0,7.44,43.92157,350.0,13.725491,0.0,0.0,74.0,91.0,0.0,0.0,0.0,1.0,100.0,0.0,0.0,0.0,6.0,0.0,0.0,null,14.506,0.3238728940486908
1646,23011501,0,20230115131721,37.3640184,127.3121516,53.0,1491.5,14.509804,19.215687,8130.0,3.77,43.92157,350.0,13.725491,0.0,0.0,28.0,91.0,0.0,0.0,0.0,1.0,100.0,0.0,0.0,0.0,6.0,0.0,0.0,null,14.506,-0.03242011368274689
1647,23011501,0,20230115131722,37.3639315,127.312288,51.0,1431.5,14.509804,14.509804,7890.0,3.16,43.92157,350.0,6.27451,-0.03125,0.0,26.0,91.0,0.0,0.0,0.0,1.0,100.0,0.0,0.0,0.0,6.0,0.0,0.0,null,14.506,-0.08319862931966782
1648,23011501,0,20230115131723,37.3638466,127.3124207,50.0,1431.5,14.509804,14.117647,7890.0,3.08,43.92157,350.0,6.27451,-0.03125,0.0,29.0,91.0,0.0,0.0,0.0,1.0,100.0,0.0,0.0,0.0,7.0,0.0,0.0,null,14.506,-0.29849252104759216
1649,23011501,0,20230115131724,37.3637656,127.3125457,47.0,1386.0,14.509804,14.117647,8460.0,2.86,43.92157,350.0,6.27451,-0.03125,0.0,29.0,91.0,0.0,0.0,0.0,1.0,100.0,0.0,0.0,0.0,7.0,0.0,0.0,null,14.506,-0.18307502567768097
1650,23011501,0,20230115131725,37.3636863,127.3126669,45.0,1309.0,14.509804,14.117647,8610.0,2.83,43.92157,350.0,6.27451,-0.03125,0.0,29.0,91.0,0.0,0.0,0.0,1.0,100.0,0.0,0.0,0.0,7.0,0.0,0.0,null,14.506,-0.12651538848876953
1651,23011501,0,20230115131726,37.3636088,127.3127839,44.0,1563.5,29.80392,28.235294,8610.0,2.83,43.92157,350.0,15.294118,-0.03125,0.0,40.0,91.0,0.0,0.0,0.0,1.0,100.0,0.0,0.0,0.0,8.0,0.0,0.0,null,14.506,0.2556156814098358
1652,23011501,0,20230115131727,37.3635356,127.3128938,45.0,1760.5,29.80392,28.235294,13170.0,16.77,43.92157,350.0,29.019608,-0.03125,0.0,97.0,91.0,0.0,0.0,0.0,1.0,100.0,0.0,0.0,0.0,8.0,0.0,0.0,null,14.506,0.19235090911388397
1653,23011501,0,20230115131728,37.3634624,127.3130037,45.0,1528.5,14.509804,28.235294,13170.0,6.11,43.92157,350.0,8.627451,-0.03125,0.0,39.0,93.0,0.0,0.0,0.0,1.0,100.0,0.0,0.0,0.0,7.0,0.0,0.0,null,14.506,0.37593239545822144
1654,23011501,0,20230115131729,37.3633897,127.3131141,45.0,1537.5,14.509804,19.215687,11770.0,10.02,43.92157,350.0,8.627451,-0.03125,0.0,93.0,93.0,0.0,0.0,0.0,1.0,100.0,0.0,0.0,0.0,7.0,0.0,0.0,null,14.506,0.6030479669570923
1655,23011501,0,20230115131730,37.3633177,127.3132253,45.0,1537.5,28.62745,26.27451,11770.0,12.38,43.92157,350.0,21.960785,-0.03125,0.0,93.0,93.0,0.0,0.0,0.0,1.0,100.0,0.0,0.0,0.0,8.0,0.0,0.0,null,14.506,0.359529048204422
1656,23011501,0,20230115131731,37.3632466,127.3133372,47.0,1586.5,37.64706,26.27451,21700.0,12.38,43.92157,350.0,35.686275,-0.03125,0.0,96.0,93.0,0.0,0.0,0.0,1.0,100.0,0.0,0.0,0.0,7.0,0.0,0.0,null,14.506,-0.3792802095413208
1657,23011501,0,20230115131732,37.3631721,127.3134516,49.0,1662.0,37.64706,53.72549,21700.0,27.97,43.92157,350.0,54.509804,-0.03125,0.0,110.0,93.0,0.0,0.0,0.0,1.0,100.0,0.0,0.0,0.0,7.0,0.0,0.0,null,14.506,-1.139195442199707
1658,23011501,0,20230115131733,37.3630919,127.3135656,52.0,1769.5,37.64706,53.72549,26680.0,30.13,43.92157,350.0,36.862743,-0.03125,0.0,104.0,93.0,0.0,0.0,0.0,1.0,100.0,0.0,0.0,0.0,6.0,0.0,0.0,null,14.506,-1.484297752380371
1659,23011501,0,20230115131734,37.3630013,127.3136861,53.0,1827.5,24.313726,23.137255,26680.0,11.63,43.92157,350.0,36.862743,-0.03125,0.0,86.0,93.0,0.0,0.0,0.0,1.0,100.0,0.0,0.0,0.0,6.0,0.0,0.0,null,14.506,-0.8215055465698242
1660,23011501,0,20230115131735,37.3629079,127.3138033,54.0,1827.5,30.19608,23.137255,17260.0,19.52,43.92157,350.0,25.09804,-0.03125,0.0,99.0,93.0,0.0,0.0,0.0,1.0,100.0,0.0,0.0,0.0,6.0,0.0,0.0,null,14.506,-0.8435137867927551
1661,23011501,0,20230115131736,37.3628068,127.3139232,56.0,1694.0,30.19608,30.980392,13250.0,10.08,43.92157,350.0,38.431374,-0.03125,0.0,99.0,93.0,0.0,0.0,0.0,1.0,100.0,0.0,0.0,0.0,6.0,0.0,0.0,null,14.506,-0.6621655821800232
1662,23011501,0,20230115131737,37.3627032,127.31404,55.0,1604.5,18.039215,30.980392,13250.0,10.08,43.92157,350.0,14.509804,-0.03125,0.0,84.0,93.0,0.0,0.0,0.0,1.0,100.0,0.0,0.0,0.0,6.0,0.0,0.0,null,14.506,-0.4635216295719147
1663,23011501,0,20230115131738,37.3625949,127.3141569,56.0,1549.5,18.039215,15.686275,13250.0,4.77,43.92157,350.0,18.82353,-0.03125,0.0,42.0,93.0,0.0,0.0,0.0,1.0,100.0,0.0,0.0,0.0,6.0,0.0,0.0,null,14.506,-0.8356927037239075
1664,23011501,0,20230115131739,37.3624878,127.3142686,57.0,1610.5,34.901962,15.686275,13700.0,22.91,43.92157,350.0,18.82353,-0.03125,0.0,99.0,95.0,0.0,0.0,0.0,1.0,100.0,0.0,0.0,0.0,6.0,0.0,0.0,null,14.506,-0.41672438383102417
1665,23011501,0,20230115131740,37.36237,127.3143944,59.0,1610.5,34.901962,24.705883,12620.0,8.69,43.137257,350.0,39.215687,-0.03125,0.0,99.0,95.0,0.0,0.0,0.0,1.0,100.0,0.0,0.0,0.0,6.0,0.0,0.0,null,14.506,-0.5657930374145508
1666,23011501,0,20230115131741,37.3622512,127.3145092,59.0,1605.5,26.666666,21.568628,12620.0,8.69,43.137257,350.0,8.235294,-0.03125,0.0,35.0,95.0,0.0,0.0,0.0,1.0,100.0,0.0,0.0,0.0,6.0,0.0,0.0,null,14.506,0.24539470672607422
1667,23011501,0,20230115131742,37.362131,127.3146221,59.0,1665.0,26.666666,21.568628,10000.0,10.86,43.137257,350.0,18.039215,-0.03125,0.0,91.0,95.0,0.0,0.0,0.0,1.0,100.0,0.0,0.0,0.0,7.0,0.0,0.0,null,14.506,-0.9175829291343689
1668,23011501,0,20230115131743,37.3620096,127.3147328,59.0,1663.5,14.509804,14.509804,10000.0,5.13,43.137257,350.0,6.6666665,-0.03125,0.0,30.0,95.0,0.0,0.0,0.0,1.0,100.0,0.0,0.0,0.0,6.0,0.0,0.0,null,14.506,-0.5227800011634827
1669,23011501,0,20230115131744,37.361884,127.3148438,59.0,1627.5,14.509804,14.509804,8720.0,3.55,43.137257,350.0,6.27451,0.0,0.0,28.0,95.0,0.0,0.0,0.0,1.0,100.0,0.0,0.0,0.0,7.0,0.0,0.0,null,14.506,0.2576836347579956
1670,23011501,0,20230115131745,37.3617609,127.3149516,58.0,1623.5,14.509804,14.509804,8720.0,3.36,43.137257,350.0,6.27451,0.0,0.0,29.0,95.0,0.0,0.0,0.0,1.0,100.0,0.0,0.0,0.0,7.0,0.0,0.0,null,14.506,-0.0615876242518425
1671,23011501,0,20230115131746,37.3616381,127.3150599,57.0,1602.5,14.509804,14.509804,9020.0,3.47,43.137257,350.0,6.27451,0.0,0.0,29.0,95.0,0.0,0.0,0.0,1.0,100.0,0.0,0.0,0.0,7.0,0.0,0.0,null,14.506,-0.2514292001724243
1672,23011501,0,20230115131747,37.3615154,127.3151686,57.0,1580.5,14.509804,14.509804,9180.0,3.38,43.137257,350.0,6.6666665,0.0,0.0,28.0,95.0,0.0,0.0,0.0,1.0,100.0,0.0,0.0,0.0,8.0,0.0,0.0,null,14.506,-0.24596399068832397
1673,23011501,0,20230115131748,37.361399,127.3152726,56.0,1580.5,14.509804,14.509804,9180.0,3.44,43.137257,350.0,6.6666665,0.0,0.0,28.0,95.0,0.0,0.0,0.0,1.0,100.0,0.0,0.0,0.0,8.0,0.0,0.0,null,14.506,-0.1821821630001068
1674,23011501,0,20230115131749,37.36128,127.3153797,55.0,1555.0,14.509804,14.509804,9380.0,3.3,43.137257,350.0,6.6666665,0.0,0.0,28.0,95.0,0.0,0.0,0.0,1.0,100.0,0.0,0.0,0.0,8.0,0.0,0.0,null,14.506,0.16400547325611115
1675,23011501,0,20230115131750,37.3611643,127.3154851,55.0,1528.5,14.509804,19.215687,9380.0,3.3,43.137257,350.0,8.235294,0.0,0.0,28.0,95.0,0.0,0.0,0.0,1.0,100.0,0.0,0.0,0.0,8.0,0.0,0.0,null,14.506,0.6137138605117798
1676,23011501,0,20230115131751,37.3610525,127.3155894,56.0,1559.0,14.509804,19.215687,12550.0,10.86,43.137257,350.0,20.392157,0.0,0.0,94.0,95.0,0.0,0.0,0.0,1.0,100.0,0.0,0.0,0.0,8.0,0.0,0.0,null,14.506,0.6097780466079712
1677,23011501,0,20230115131752,37.3609395,127.315699,56.0,1240.0,20.392157,16.470589,12550.0,5.66,43.137257,350.0,20.392157,0.0,0.0,56.0,95.0,0.0,0.0,0.0,1.0,100.0,0.0,0.0,0.0,8.0,0.0,0.0,null,14.506,0.5106474757194519
1678,23011501,0,20230115131753,37.360828,127.3158109,56.0,1240.0,14.509804,16.470589,7880.0,3.11,43.137257,350.0,12.941176,0.0,0.0,56.0,95.0,0.0,0.0,0.0,1.0,100.0,0.0,0.0,0.0,8.0,0.0,0.0,null,14.506,0.761329174041748
1679,23011501,0,20230115131754,37.3607183,127.3159259,55.0,1227.0,14.509804,13.725491,7900.0,3.11,43.137257,350.0,6.6666665,0.0,0.0,29.0,95.0,0.0,0.0,0.0,1.0,100.0,0.0,0.0,0.0,8.0,0.0,0.0,null,14.506,0.1705591231584549
1680,23011501,0,20230115131755,37.360609,127.3160556,55.0,1203.5,14.509804,13.725491,7900.0,2.72,43.137257,350.0,10.196078,0.0,0.0,28.0,95.0,0.0,0.0,0.0,1.0,100.0,0.0,0.0,0.0,8.0,0.0,0.0,null,14.506,0.12268686294555664
1681,23011501,0,20230115131756,37.3605056,127.3161726,55.0,1276.0,27.843138,20.392157,7900.0,8.47,43.137257,350.0,29.411764,0.0,0.0,96.0,95.0,0.0,0.0,0.0,1.0,100.0,0.0,0.0,0.0,8.0,0.0,0.0,null,14.506,0.5401993989944458
1682,23011501,0,20230115131757,37.3604016,127.3162954,57.0,1357.0,32.54902,20.392157,16130.0,15.08,43.137257,350.0,29.411764,0.0,0.0,96.0,95.0,0.0,0.0,0.0,1.0,100.0,0.0,0.0,0.0,8.0,0.0,0.0,null,14.506,0.8685925006866455
1683,23011501,0,20230115131758,37.3603003,127.3164217,58.0,1368.0,32.54902,32.941177,16950.0,18.33,43.137257,350.0,36.07843,0.0,0.0,98.0,95.0,0.0,0.0,0.0,1.0,100.0,0.0,0.0,0.0,8.0,0.0,0.0,null,14.506,0.8617146015167236
1684,23011501,0,20230115131759,37.3601996,127.3165551,60.0,1368.0,32.941177,29.80392,16950.0,17.16,43.137257,350.0,37.64706,0.0,0.0,98.0,95.0,0.0,0.0,0.0,1.0,100.0,0.0,0.0,0.0,7.0,0.0,0.0,null,14.506,0.6601056456565857
1685,23011501,0,20230115131800,37.360097,127.3166983,62.0,1338.5,33.333332,29.80392,16800.0,17.08,43.137257,350.0,37.64706,0.0,0.0,98.0,95.0,0.0,0.0,0.0,1.0,100.0,0.0,0.0,0.0,7.0,0.0,0.0,null,14.506,0.8734694719314575
1686,23011501,0,20230115131801,37.3599969,127.3168444,63.0,1386.0,33.333332,29.80392,17170.0,17.08,43.137257,350.0,39.215687,0.0,0.0,98.0,95.0,0.0,0.0,0.0,1.0,100.0,0.0,0.0,0.0,7.0,0.0,0.0,null,14.506,0.8157755732536316
1687,23011501,0,20230115131802,37.3598966,127.3169964,64.0,1414.0,32.941177,29.80392,17170.0,18.08,43.137257,350.0,39.215687,0.0,0.0,98.0,95.0,0.0,0.0,0.0,1.0,100.0,0.0,0.0,0.0,6.0,0.0,0.0,null,14.506,1.0192049741744995
1688,23011501,0,20230115131803,37.3597941,127.3171576,66.0,1441.5,32.941177,29.80392,17170.0,19.27,43.137257,350.0,40.0,0.0,0.0,99.0,95.0,0.0,0.0,0.0,1.0,100.0,0.0,0.0,0.0,6.0,0.0,0.0,null,14.506,1.6342817544937134
1689,23011501,0,20230115131804,37.359695,127.3173221,66.0,1472.0,15.686275,29.80392,16570.0,12.08,43.137257,350.0,40.0,0.0,0.0,75.0,95.0,0.0,0.0,0.0,1.0,100.0,0.0,0.0,0.0,6.0,0.0,0.0,null,14.553,0.9840558171272278
1690,23011501,0,20230115131805,37.3595978,127.317494,66.0,1472.0,15.686275,23.529411,18090.0,18.38,43.137257,350.0,13.725491,-0.046875,0.0,75.0,95.0,0.0,0.0,0.0,1.0,100.0,0.0,0.0,0.0,6.0,0.0,0.0,null,14.553,0.9751814603805542
1691,23011501,0,20230115131806,37.3595067,127.3176811,68.0,1482.0,33.72549,23.529411,18090.0,18.38,43.137257,350.0,40.39216,-0.046875,0.0,97.0,95.0,0.0,0.0,0.0,1.0,100.0,0.0,0.0,0.0,6.0,0.0,0.0,null,14.553,0.4392394423484802
1692,23011501,0,20230115131807,37.3594118,127.3178657,69.0,1529.5,33.72549,30.19608,18090.0,20.19,43.137257,350.0,40.784313,-0.046875,0.0,98.0,95.0,0.0,0.0,0.0,1.0,100.0,0.0,0.0,0.0,6.0,0.0,0.0,null,14.553,0.2572990357875824
1693,23011501,0,20230115131808,37.3593185,127.3180518,71.0,1557.0,34.117645,30.19608,21950.0,21.36,43.137257,350.0,40.784313,-0.046875,0.0,99.0,95.0,0.0,0.0,0.0,1.0,100.0,0.0,0.0,0.0,6.0,0.0,0.0,null,14.553,0.2554367482662201
1694,23011501,0,20230115131809,37.3592268,127.3182391,72.0,1557.0,34.117645,36.07843,18760.0,20.8,43.137257,350.0,42.35294,-0.046875,0.0,97.0,95.0,0.0,0.0,0.0,1.0,100.0,0.0,0.0,0.0,5.0,0.0,0.0,null,14.553,-0.28572845458984375
1695,23011501,0,20230115131810,37.359132,127.3184345,72.0,1595.5,25.490196,22.745098,18760.0,10.27,43.137257,350.0,26.666666,-0.046875,0.0,97.0,95.0,0.0,0.0,0.0,1.0,100.0,0.0,0.0,0.0,5.0,0.0,0.0,null,14.553,-0.09831974655389786
1696,23011501,0,20230115131811,37.3590347,127.3186333,72.0,1598.5,25.490196,22.745098,10220.0,10.27,43.137257,350.0,19.607843,-0.046875,0.0,92.0,97.0,0.0,0.0,0.0,1.0,100.0,0.0,0.0,0.0,6.0,0.0,0.0,null,14.553,-0.0384538434445858
1697,23011501,0,20230115131812,37.3589367,127.3188317,72.0,1601.0,25.09804,22.745098,10220.0,9.44,43.137257,350.0,19.607843,-0.046875,0.0,90.0,97.0,0.0,0.0,0.0,1.0,100.0,0.0,0.0,0.0,6.0,0.0,0.0,null,14.553,0.4001200497150421
1698,23011501,0,20230115131813,37.3588394,127.3190305,73.0,1605.0,25.09804,20.784313,10150.0,9.25,43.137257,350.0,22.745098,-0.046875,0.0,90.0,97.0,0.0,0.0,0.0,1.0,100.0,0.0,0.0,0.0,6.0,0.0,0.0,null,14.553,0.24323950707912445
1699,23011501,0,20230115131814,37.3587456,127.3192268,71.0,1584.5,14.509804,15.294118,10150.0,3.97,43.137257,350.0,6.27451,-0.046875,0.0,29.0,97.0,0.0,0.0,0.0,1.0,100.0,0.0,0.0,0.0,6.0,0.0,0.0,null,14.553,0.23272447288036346
1700,23011501,0,20230115131815,37.3586514,127.319428,70.0,1515.5,14.509804,15.294118,8180.0,3.33,43.137257,350.0,6.27451,-0.046875,0.0,28.0,97.0,0.0,0.0,0.0,1.0,100.0,0.0,0.0,0.0,6.0,0.0,0.0,null,14.553,-0.28265196084976196
1701,23011501,0,20230115131816,37.3585586,127.319625,70.0,1515.5,14.509804,21.17647,13600.0,15.83,43.137257,350.0,7.0588236,-0.046875,0.0,98.0,97.0,0.0,0.0,0.0,1.0,100.0,0.0,0.0,0.0,6.0,0.0,0.0,null,14.553,-0.216300830245018
1702,23011501,0,20230115131817,37.3584645,127.3198211,71.0,1589.0,30.588236,29.019608,13600.0,17.69,43.137257,350.0,32.941177,-0.046875,0.0,98.0,97.0,0.0,0.0,0.0,1.0,100.0,0.0,0.0,0.0,7.0,0.0,0.0,null,14.553,-0.02171691507101059
1703,23011501,0,20230115131818,37.3583715,127.3200128,71.0,1582.0,14.509804,29.019608,11490.0,17.69,43.137257,350.0,27.058823,-0.046875,0.0,96.0,97.0,0.0,0.0,0.0,1.0,100.0,0.0,0.0,0.0,6.0,0.0,0.0,null,14.553,-0.03689716011285782
1704,23011501,0,20230115131819,37.3582783,127.3202194,70.0,1555.5,14.509804,14.117647,11490.0,3.3,43.137257,350.0,5.882353,-0.046875,0.0,27.0,97.0,0.0,0.0,0.0,1.0,100.0,0.0,0.0,0.0,6.0,0.0,0.0,null,14.553,0.150832861661911
1705,23011501,0,20230115131820,37.3581833,127.3204148,69.0,1508.5,14.509804,14.117647,9300.0,3.22,43.137257,350.0,5.882353,-0.046875,0.0,27.0,97.0,0.0,0.0,0.0,1.0,100.0,0.0,0.0,0.0,6.0,0.0,0.0,null,14.553,0.11491930484771729
1706,23011501,0,20230115131821,37.3580916,127.3206074,67.0,1489.0,14.509804,14.117647,9300.0,3.25,43.137257,350.0,6.27451,-0.046875,0.0,28.0,97.0,0.0,0.0,0.0,1.0,100.0,0.0,0.0,0.0,6.0,0.0,0.0,null,14.553,0.010282148607075214
1707,23011501,0,20230115131822,37.3580022,127.3207965,66.0,1458.0,14.509804,14.117647,9590.0,3.16,43.137257,350.0,6.27451,-0.046875,0.0,28.0,98.0,0.0,0.0,0.0,1.0,100.0,0.0,0.0,0.0,7.0,0.0,0.0,null,14.553,-0.3582494258880615
1708,23011501,0,20230115131823,37.3579133,127.3209808,65.0,1458.0,14.509804,14.117647,9750.0,3.16,43.52941,350.0,6.6666665,-0.046875,0.0,28.0,98.0,0.0,0.0,0.0,1.0,100.0,0.0,0.0,0.0,7.0,0.0,0.0,null,14.553,-0.752251923084259
1709,23011501,0,20230115131824,37.3578233,127.3211588,64.0,1429.0,17.647058,14.117647,9750.0,3.08,43.52941,350.0,9.019608,-0.046875,0.0,33.0,98.0,0.0,0.0,0.0,1.0,100.0,0.0,0.0,0.0,7.0,0.0,0.0,null,14.553,-0.9122799038887024
1710,23011501,0,20230115131825,37.3577313,127.3213352,64.0,1419.0,17.647058,15.294118,9750.0,4.47,43.52941,350.0,9.803922,-0.046875,0.0,38.0,98.0,0.0,0.0,0.0,1.0,100.0,0.0,0.0,0.0,7.0,0.0,0.0,null,14.553,-0.19270610809326172
1711,23011501,0,20230115131826,37.3576409,127.3215076,63.0,1392.5,14.509804,15.294118,7850.0,4.41,43.52941,350.0,9.803922,-0.046875,0.0,31.0,98.0,0.0,0.0,0.0,1.0,100.0,0.0,0.0,0.0,7.0,0.0,0.0,null,14.459,0.9078580141067505
1712,23011501,0,20230115131827,37.3575536,127.3216771,62.0,1392.5,14.509804,14.117647,8020.0,3.02,43.52941,350.0,6.6666665,-0.0234375,0.0,31.0,98.0,0.0,0.0,0.0,1.0,100.0,0.0,0.0,0.0,7.0,0.0,0.0,null,14.459,0.3005489408969879
1713,23011501,0,20230115131828,37.3574682,127.3218481,61.0,1358.5,14.509804,14.117647,8020.0,3.02,43.52941,350.0,6.27451,-0.0234375,0.0,28.0,98.0,0.0,0.0,0.0,1.0,100.0,0.0,0.0,0.0,7.0,0.0,0.0,null,14.459,0.5435493588447571
1714,23011501,0,20230115131829,37.357384,127.32202,58.0,1324.5,14.509804,14.117647,8020.0,2.88,43.52941,350.0,6.27451,-0.0234375,0.0,29.0,98.0,0.0,0.0,0.0,1.0,100.0,0.0,0.0,0.0,8.0,0.0,0.0,null,14.459,0.15446846187114716
1715,23011501,0,20230115131830,37.3573064,127.3221962,56.0,1245.5,14.509804,14.117647,8300.0,2.75,43.52941,350.0,6.27451,-0.0234375,0.0,29.0,98.0,0.0,0.0,0.0,1.0,100.0,0.0,0.0,0.0,8.0,0.0,0.0,null,14.459,0.21603015065193176
1716,23011501,0,20230115131831,37.357231,127.3223537,55.0,1245.5,14.509804,14.117647,8430.0,3.27,43.52941,350.0,5.882353,-0.0234375,0.0,29.0,98.0,0.0,0.0,0.0,1.0,100.0,0.0,0.0,0.0,8.0,0.0,0.0,null,14.459,-0.134107768535614
1717,23011501,0,20230115131832,37.3571579,127.3225075,53.0,1509.0,14.509804,14.117647,8430.0,3.27,43.52941,350.0,6.27451,-0.0234375,0.0,28.0,98.0,0.0,0.0,0.0,1.0,100.0,0.0,0.0,0.0,8.0,0.0,0.0,null,14.459,-0.03924260661005974
1718,23011501,0,20230115131833,37.3570885,127.3226537,52.0,1453.5,14.509804,14.117647,8430.0,3.08,43.52941,350.0,6.27451,-0.0234375,0.0,28.0,98.0,0.0,0.0,0.0,1.0,100.0,0.0,0.0,0.0,8.0,0.0,0.0,null,14.459,-0.14074541628360748
1719,23011501,0,20230115131834,37.3570179,127.322799,51.0,1453.5,14.509804,14.117647,8600.0,3.05,43.52941,350.0,6.27451,-0.0234375,0.0,28.0,96.0,0.0,0.0,0.0,1.0,100.0,0.0,0.0,0.0,8.0,0.0,0.0,null,14.459,0.3755006194114685
1720,23011501,0,20230115131835,37.3569488,127.3229401,50.0,1413.0,14.509804,14.117647,8600.0,3.05,43.52941,350.0,6.27451,-0.0234375,0.0,28.0,96.0,0.0,0.0,0.0,1.0,100.0,0.0,0.0,0.0,8.0,0.0,0.0,null,14.459,0.38159695267677307
1721,23011501,0,20230115131836,37.3568825,127.3230782,48.0,1356.5,14.509804,14.117647,8720.0,3.0,43.52941,350.0,6.27451,-0.0234375,0.0,28.0,96.0,0.0,0.0,0.0,1.0,100.0,0.0,0.0,0.0,8.0,0.0,0.0,null,14.459,0.2188442051410675
1722,23011501,0,20230115131837,37.3568172,127.323217,45.0,1356.5,14.509804,14.117647,8720.0,2.77,43.52941,350.0,6.27451,-0.0234375,0.0,28.0,96.0,0.0,0.0,0.0,1.0,100.0,0.0,0.0,0.0,8.0,0.0,0.0,null,14.459,0.3876872956752777
1723,23011501,0,20230115131838,37.356758,127.3233446,42.0,1240.5,14.509804,14.117647,8860.0,2.77,43.52941,350.0,6.27451,-0.0234375,0.0,29.0,96.0,0.0,0.0,0.0,1.0,100.0,0.0,0.0,0.0,8.0,0.0,0.0,null,14.459,0.20244011282920837
1724,23011501,0,20230115131839,37.3567012,127.3234689,39.0,1363.0,14.509804,14.117647,8860.0,2.55,43.52941,350.0,6.27451,-0.0234375,0.0,28.0,96.0,0.0,0.0,0.0,1.0,100.0,0.0,0.0,0.0,8.0,0.0,0.0,null,14.459,0.15239351987838745
1725,23011501,0,20230115131840,37.3566502,127.3235818,37.0,1363.0,14.509804,14.117647,8970.0,2.75,43.52941,350.0,6.27451,-0.0234375,0.0,28.0,96.0,0.0,0.0,0.0,1.0,100.0,0.0,0.0,0.0,8.0,0.0,0.0,null,14.459,0.0077710808254778385
1726,23011501,0,20230115131841,37.356601,127.3236906,35.0,1268.0,14.509804,14.117647,8970.0,2.75,43.52941,350.0,6.27451,-0.0234375,0.0,28.0,96.0,0.0,0.0,0.0,1.0,100.0,0.0,0.0,0.0,8.0,0.0,0.0,null,14.459,-0.11264325678348541
1727,23011501,0,20230115131842,37.3565529,127.3237953,32.0,1157.5,14.509804,13.725491,8970.0,2.55,43.52941,350.0,6.27451,-0.0234375,0.0,29.0,96.0,0.0,0.0,0.0,1.0,100.0,0.0,0.0,0.0,8.0,0.0,0.0,null,14.459,-0.10236825793981552
1728,23011501,0,20230115131843,37.356508,127.3238919,29.0,1157.5,14.509804,13.725491,9110.0,2.63,43.52941,350.0,6.27451,-0.0234375,0.0,29.0,96.0,0.0,0.0,0.0,1.0,100.0,0.0,0.0,0.0,8.0,0.0,0.0,null,14.459,-0.25804412364959717
1729,23011501,0,20230115131844,37.3564681,127.3239766,25.0,1143.5,14.509804,13.333333,9200.0,2.63,43.52941,350.0,6.27451,-0.0234375,0.0,29.0,96.0,0.0,0.0,0.0,1.0,100.0,0.0,0.0,0.0,8.0,0.0,0.0,null,14.459,0.10291548818349838
1730,23011501,0,20230115131845,37.3564319,127.3240536,20.0,1203.5,14.509804,13.333333,9200.0,2.66,43.52941,350.0,6.6666665,-0.0234375,0.0,29.0,96.0,0.0,0.0,0.0,1.0,100.0,0.0,0.0,0.0,8.0,0.0,0.0,null,14.459,0.30575844645500183
1731,23011501,0,20230115131846,37.3564011,127.324119,17.0,894.5,14.509804,12.941176,9200.0,2.08,43.52941,350.0,6.6666665,-0.0234375,0.0,28.0,96.0,0.0,0.0,0.0,1.0,100.0,0.0,0.0,0.0,8.0,0.0,0.0,null,14.459,-0.059122487902641296
1732,23011501,0,20230115131847,37.3563757,127.3241729,13.0,894.5,14.509804,12.941176,8790.0,3.5,43.52941,350.0,7.0588236,-0.0234375,0.0,28.0,94.0,0.0,0.0,0.0,1.0,100.0,0.0,0.0,0.0,8.0,0.0,0.0,null,14.459,0.13275156915187836
1733,23011501,0,20230115131848,37.3563558,127.3242152,11.0,830.5,14.509804,13.725491,8790.0,3.5,43.52941,350.0,14.509804,-0.0234375,0.0,43.0,94.0,0.0,0.0,0.0,1.0,100.0,0.0,0.0,0.0,8.0,0.0,0.0,null,14.459,0.0785917267203331
1734,23011501,0,20230115131849,37.3563395,127.3242499,9.0,770.5,14.509804,13.725491,7850.0,2.86,45.098038,350.0,12.156863,-0.0234375,0.0,42.0,94.0,0.0,0.0,0.0,1.0,100.0,0.0,0.0,0.0,8.0,0.0,0.0,null,14.459,0.08225755393505096
1735,23011501,0,20230115131850,37.356327,127.3242769,8.0,770.5,14.509804,13.333333,7850.0,2.36,45.098038,350.0,12.156863,-0.0234375,0.0,42.0,94.0,0.0,0.0,0.0,1.0,100.0,0.0,0.0,0.0,8.0,0.0,0.0,null,14.459,0.08954165130853653
1736,23011501,0,20230115131851,37.3563144,127.324304,9.0,918.0,14.509804,13.333333,12690.0,2.36,45.098038,350.0,15.294118,-0.0234375,0.0,52.0,94.0,0.0,0.0,0.0,1.0,100.0,0.0,0.0,0.0,9.0,0.0,0.0,null,14.601,0.18586157262325287
1737,23011501,0,20230115131852,37.3563037,127.3243272,14.0,1690.5,30.588236,13.333333,12690.0,11.91,45.098038,350.0,27.450981,-0.0234375,0.0,98.0,94.0,0.0,0.0,0.0,1.0,100.0,0.0,0.0,0.0,9.0,0.0,0.0,null,14.601,0.17063938081264496
1738,23011501,0,20230115131853,37.3562894,127.3243581,18.0,1690.5,30.588236,27.843138,14990.0,13.33,45.098038,350.0,27.450981,0.03125,0.0,98.0,94.0,0.0,0.0,0.0,1.0,100.0,0.0,0.0,0.0,8.0,0.0,0.0,null,14.601,0.051989179104566574
1739,23011501,0,20230115131854,37.35627,127.3244008,22.0,1679.0,32.54902,27.843138,14990.0,13.33,45.098038,350.0,27.843138,0.03125,0.0,96.0,94.0,0.0,0.0,0.0,1.0,100.0,0.0,0.0,0.0,8.0,0.0,0.0,null,14.601,-0.2960206866264343
1740,23011501,0,20230115131855,37.3562449,127.3244549,25.0,1382.5,32.54902,29.411764,14990.0,17.41,45.098038,350.0,30.588236,0.03125,0.0,97.0,94.0,0.0,0.0,0.0,1.0,100.0,0.0,0.0,0.0,8.0,0.0,0.0,null,14.601,-0.2855123281478882
1741,23011501,0,20230115131856,37.3562157,127.3245163,27.0,1476.0,30.588236,29.411764,13800.0,12.05,45.098038,350.0,30.588236,0.03125,0.0,96.0,94.0,0.0,0.0,0.0,1.0,100.0,0.0,0.0,0.0,8.0,0.0,0.0,null,14.601,-0.10095499455928802
1742,23011501,0,20230115131857,37.3561811,127.3245894,29.0,1476.0,30.588236,26.27451,12640.0,12.05,45.098038,350.0,25.490196,0.03125,0.0,96.0,94.0,0.0,0.0,0.0,1.0,100.0,0.0,0.0,0.0,7.0,0.0,0.0,null,14.601,-0.4079325795173645
1743,23011501,0,20230115131858,37.3561447,127.3246662,31.0,1606.0,30.588236,26.27451,12640.0,11.75,45.098038,350.0,20.0,0.03125,0.0,93.0,94.0,0.0,0.0,0.0,1.0,100.0,0.0,0.0,0.0,7.0,0.0,0.0,null,14.601,-0.09081878513097763
1744,23011501,0,20230115131859,37.3561048,127.3247508,33.0,1728.5,26.666666,21.568628,12640.0,9.69,45.098038,350.0,20.0,0.03125,0.0,77.0,94.0,0.0,0.0,0.0,1.0,100.0,0.0,0.0,0.0,7.0,0.0,0.0,null,14.601,-0.06623002886772156
1745,23011501,0,20230115131900,37.356063,127.3248393,34.0,1728.5,29.80392,21.568628,11230.0,16.8,45.098038,350.0,15.294118,0.03125,0.0,77.0,95.0,0.0,0.0,0.0,1.0,100.0,0.0,0.0,0.0,7.0,0.0,0.0,null,14.601,-0.10767312347888947
1746,23011501,0,20230115131901,37.3560193,127.3249316,36.0,1501.5,29.80392,28.235294,11230.0,16.8,45.098038,350.0,24.705883,0.03125,0.0,97.0,95.0,0.0,0.0,0.0,1.0,100.0,0.0,0.0,0.0,7.0,0.0,0.0,null,14.601,0.09622140228748322
1747,23011501,0,20230115131902,37.3559737,127.3250276,38.0,1513.5,29.80392,28.235294,14450.0,11.22,45.098038,350.0,22.352942,0.03125,0.0,96.0,95.0,0.0,0.0,0.0,1.0,100.0,0.0,0.0,0.0,7.0,0.0,0.0,null,14.601,-0.0628916546702385
1748,23011501,0,20230115131903,37.3559261,127.3251274,39.0,1513.5,22.352942,20.0,14450.0,7.5,45.098038,350.0,22.352942,0.03125,0.0,96.0,95.0,0.0,0.0,0.0,1.0,100.0,0.0,0.0,0.0,7.0,0.0,0.0,null,14.601,-0.08574879914522171
1749,23011501,0,20230115131904,37.3558747,127.3252348,39.0,1557.5,22.352942,20.0,8010.0,7.5,45.098038,350.0,14.117647,0.03125,0.0,69.0,95.0,0.0,0.0,0.0,1.0,100.0,0.0,0.0,0.0,7.0,0.0,0.0,null,14.601,-0.014309713616967201
1750,23011501,0,20230115131905,37.3558251,127.3253384,38.0,1313.0,14.509804,20.0,8010.0,3.44,45.098038,350.0,9.803922,0.03125,0.0,30.0,95.0,0.0,0.0,0.0,1.0,100.0,0.0,0.0,0.0,7.0,0.0,0.0,null,14.601,0.06626907736063004
1751,23011501,0,20230115131906,37.3557742,127.3254461,37.0,1295.0,14.509804,15.294118,7890.0,4.13,45.098038,350.0,7.45098,0.03125,0.0,35.0,95.0,0.0,0.0,0.0,1.0,100.0,0.0,0.0,0.0,7.0,0.0,0.0,null,14.601,0.08861649036407471
1752,23011501,0,20230115131907,37.3557238,127.3255543,37.0,1242.0,14.509804,14.117647,7890.0,2.83,45.098038,350.0,7.45098,0.03125,0.0,26.0,95.0,0.0,0.0,0.0,1.0,100.0,0.0,0.0,0.0,7.0,0.0,0.0,null,14.601,0.30037811398506165
1753,23011501,0,20230115131908,37.3556777,127.3256552,35.0,1242.0,14.509804,14.117647,8080.0,2.63,45.098038,350.0,6.6666665,0.03125,0.0,29.0,95.0,0.0,0.0,0.0,1.0,100.0,0.0,0.0,0.0,8.0,0.0,0.0,null,14.601,0.1287159025669098
1754,23011501,0,20230115131909,37.355632,127.3257564,34.0,1199.0,14.509804,13.725491,8240.0,2.5,45.098038,350.0,6.27451,0.03125,0.0,29.0,95.0,0.0,0.0,0.0,1.0,100.0,0.0,0.0,0.0,8.0,0.0,0.0,null,14.601,-0.256118506193161
1755,23011501,0,20230115131910,37.3555878,127.3258534,33.0,1152.0,25.490196,13.725491,8240.0,2.5,45.098038,350.0,5.882353,0.03125,0.0,29.0,95.0,0.0,0.0,0.0,1.0,100.0,0.0,0.0,0.0,8.0,0.0,0.0,null,14.601,-0.17003127932548523
1756,23011501,0,20230115131911,37.3555474,127.3259596,34.0,1156.5,25.490196,16.862745,8240.0,6.77,45.098038,350.0,23.137255,0.03125,0.0,85.0,95.0,0.0,0.0,0.0,1.0,100.0,0.0,0.0,0.0,8.0,0.0,0.0,null,14.601,-0.2282043993473053
1757,23011501,0,20230115131912,37.3555035,127.3260517,35.0,1205.0,26.666666,16.862745,14270.0,11.08,45.098038,350.0,23.137255,0.03125,0.0,92.0,96.0,0.0,0.0,0.0,1.0,100.0,0.0,0.0,0.0,8.0,0.0,0.0,null,14.601,-0.1608285754919052
1758,23011501,0,20230115131913,37.3554593,127.3261436,35.0,1205.0,26.666666,14.509804,8120.0,2.77,44.313725,350.0,20.784313,0.03125,0.0,92.0,96.0,0.0,0.0,0.0,1.0,100.0,0.0,0.0,0.0,8.0,0.0,0.0,null,14.601,-0.14440542459487915
1759,23011501,0,20230115131914,37.3554111,127.3262429,34.0,1193.0,16.078432,14.509804,8120.0,2.77,44.313725,350.0,6.6666665,0.03125,0.0,27.0,96.0,0.0,0.0,0.0,1.0,100.0,0.0,0.0,0.0,8.0,0.0,0.0,null,14.601,-0.07041189074516296
1760,23011501,0,20230115131915,37.3553644,127.3263382,34.0,1158.5,16.078432,14.90196,8120.0,3.69,44.313725,350.0,9.019608,0.03125,0.0,34.0,96.0,0.0,0.0,0.0,1.0,100.0,0.0,0.0,0.0,8.0,0.0,0.0,null,14.601,0.17934660613536835
1761,23011501,0,20230115131916,37.3553195,127.3264297,34.0,1158.5,22.352942,14.90196,7860.0,4.88,44.313725,350.0,9.019608,0.03125,0.0,34.0,96.0,0.0,0.0,0.0,1.0,100.0,0.0,0.0,0.0,8.0,0.0,0.0,null,14.506,0.15160706639289856
1762,23011501,0,20230115131917,37.3552729,127.326525,34.0,1177.5,22.352942,17.647058,7860.0,4.88,44.313725,350.0,12.941176,0.0234375,0.0,58.0,96.0,0.0,0.0,0.0,1.0,100.0,0.0,0.0,0.0,8.0,0.0,0.0,null,14.506,-0.1246824637055397
1763,23011501,0,20230115131918,37.3552284,127.3266167,35.0,1229.5,22.352942,17.647058,11540.0,8.38,44.313725,350.0,22.745098,0.0234375,0.0,94.0,96.0,0.0,0.0,0.0,1.0,100.0,0.0,0.0,0.0,8.0,0.0,0.0,null,14.506,-0.0584220215678215
1764,23011501,0,20230115131919,37.3551803,127.3267161,37.0,1295.5,25.490196,19.607843,11540.0,8.47,44.313725,350.0,22.745098,0.0234375,0.0,95.0,96.0,0.0,0.0,0.0,1.0,100.0,0.0,0.0,0.0,8.0,0.0,0.0,null,14.506,0.05288340896368027
1765,23011501,0,20230115131920,37.3551328,127.326816,37.0,1295.5,14.509804,19.607843,8790.0,3.8,44.313725,350.0,21.568628,0.0234375,0.0,95.0,96.0,0.0,0.0,0.0,1.0,100.0,0.0,0.0,0.0,8.0,0.0,0.0,null,14.506,0.1935422420501709
1766,23011501,0,20230115131921,37.3550858,127.3269163,37.0,1292.0,14.509804,17.254902,8790.0,3.8,44.313725,350.0,9.019608,0.0234375,0.0,31.0,96.0,0.0,0.0,0.0,1.0,100.0,0.0,0.0,0.0,8.0,0.0,0.0,null,14.506,0.1464608609676361
1767,23011501,0,20230115131922,37.3550372,127.3270205,37.0,1285.0,14.509804,17.254902,8460.0,7.05,44.313725,350.0,18.039215,0.0234375,0.0,81.0,96.0,0.0,0.0,0.0,1.0,100.0,0.0,0.0,0.0,8.0,0.0,0.0,null,14.506,-0.03267528489232063
1768,23011501,0,20230115131923,37.3549884,127.3271247,38.0,1310.5,23.529411,18.431372,8460.0,7.86,44.313725,350.0,13.725491,0.0234375,0.0,74.0,96.0,0.0,0.0,0.0,1.0,100.0,0.0,0.0,0.0,8.0,0.0,0.0,null,14.506,-0.05721547082066536
1769,23011501,0,20230115131924,37.3549394,127.3272287,38.0,1314.5,25.09804,18.431372,7930.0,4.75,44.313725,350.0,13.725491,0.0234375,0.0,74.0,96.0,0.0,0.0,0.0,1.0,100.0,0.0,0.0,0.0,8.0,0.0,0.0,null,14.506,-0.26944682002067566
1770,23011501,0,20230115131925,37.35489,127.3273325,39.0,1314.5,25.09804,22.352942,12620.0,9.16,44.313725,350.0,16.862745,0.0234375,0.0,74.0,96.0,0.0,0.0,0.0,1.0,100.0,0.0,0.0,0.0,8.0,0.0,0.0,null,14.506,-0.0824241191148758
1771,23011501,0,20230115131926,37.3548385,127.3274398,40.0,1367.5,27.058823,22.352942,12620.0,9.16,44.313725,350.0,23.137255,0.0234375,0.0,95.0,96.0,0.0,0.0,0.0,1.0,100.0,0.0,0.0,0.0,8.0,0.0,0.0,null,14.506,-0.16938558220863342
1772,23011501,0,20230115131927,37.3547866,127.3275469,40.0,1385.0,27.058823,24.313726,8110.0,8.36,44.313725,350.0,14.117647,0.0234375,0.0,83.0,96.0,0.0,0.0,0.0,1.0,100.0,0.0,0.0,0.0,8.0,0.0,0.0,null,14.506,-0.2172239124774933
1773,23011501,0,20230115131928,37.3547326,127.3276576,40.0,1385.5,24.313726,24.313726,8110.0,3.19,44.313725,350.0,15.294118,0.0234375,0.0,61.0,96.0,0.0,0.0,0.0,1.0,100.0,0.0,0.0,0.0,8.0,0.0,0.0,null,14.506,-0.16949108242988586
1774,23011501,0,20230115131929,37.354678,127.3277679,41.0,1406.5,24.313726,18.82353,10710.0,9.36,44.313725,350.0,15.294118,0.0234375,0.0,93.0,96.0,0.0,0.0,0.0,1.0,100.0,0.0,0.0,0.0,8.0,0.0,0.0,null,14.506,-0.22642391920089722
1775,23011501,0,20230115131930,37.3546231,127.3278779,42.0,1453.5,27.843138,24.705883,10710.0,10.72,44.313725,350.0,21.17647,0.0234375,0.0,95.0,96.0,0.0,0.0,0.0,1.0,100.0,0.0,0.0,0.0,8.0,0.0,0.0,null,14.506,-0.24455834925174713
1776,23011501,0,20230115131931,37.3545677,127.3279875,43.0,1453.5,25.490196,24.705883,13710.0,10.88,44.313725,350.0,24.313726,0.0234375,0.0,95.0,96.0,0.0,0.0,0.0,1.0,100.0,0.0,0.0,0.0,8.0,0.0,0.0,null,14.506,-0.04235165938735008
1777,23011501,0,20230115131932,37.3545102,127.3281008,43.0,1485.5,25.490196,15.294118,8470.0,3.5,44.313725,350.0,19.607843,0.0234375,0.0,92.0,96.0,0.0,0.0,0.0,1.0,100.0,0.0,0.0,0.0,8.0,0.0,0.0,null,14.506,-0.27829623222351074
1778,23011501,0,20230115131933,37.3544508,127.328218,41.0,1451.5,14.509804,15.294118,8470.0,3.5,44.313725,350.0,6.27451,0.0234375,0.0,27.0,96.0,0.0,0.0,0.0,1.0,100.0,0.0,0.0,0.0,7.0,0.0,0.0,null,14.506,-0.14092624187469482
1779,23011501,0,20230115131934,37.3543912,127.3283349,40.0,1367.5,14.509804,14.117647,10150.0,3.02,44.313725,350.0,6.27451,0.0234375,0.0,28.0,96.0,0.0,0.0,0.0,1.0,100.0,0.0,0.0,0.0,8.0,0.0,0.0,null,14.506,0.2545313239097595
1780,23011501,0,20230115131935,37.3543352,127.328444,41.0,1498.0,30.19608,14.117647,10150.0,12.47,44.313725,350.0,30.19608,0.0234375,0.0,96.0,97.0,0.0,0.0,0.0,1.0,100.0,0.0,0.0,0.0,8.0,0.0,0.0,null,14.506,0.19903580844402313
1781,23011501,0,20230115131936,37.3542794,127.3285534,43.0,1573.5,30.19608,28.62745,16790.0,18.66,44.313725,350.0,30.19608,0.0234375,0.0,97.0,97.0,0.0,0.0,0.0,1.0,100.0,0.0,0.0,0.0,8.0,0.0,0.0,null,14.506,0.19207879900932312
1782,23011501,0,20230115131937,37.3542241,127.328663,45.0,1573.5,32.54902,31.37255,16790.0,18.66,44.313725,350.0,37.64706,0.0234375,0.0,97.0,97.0,0.0,0.0,0.0,1.0,100.0,0.0,0.0,0.0,8.0,0.0,0.0,null,14.506,-0.06147613376379013
1783,23011501,0,20230115131938,37.3541635,127.3287845,46.0,1573.0,32.54902,31.37255,11170.0,20.19,44.313725,350.0,23.529411,0.0234375,0.0,95.0,97.0,0.0,0.0,0.0,1.0,100.0,0.0,0.0,0.0,7.0,0.0,0.0,null,14.53,-0.10006648302078247
1784,23011501,0,20230115131939,37.3541044,127.3289177,45.0,1555.0,21.568628,25.882353,11170.0,4.61,44.313725,350.0,14.509804,0.0234375,0.0,53.0,97.0,0.0,0.0,0.0,1.0,100.0,0.0,0.0,0.0,7.0,0.0,0.0,null,14.53,0.5212845206260681
1785,23011501,0,20230115131940,37.3540429,127.3290437,47.0,1599.0,21.568628,25.882353,15500.0,13.97,44.313725,350.0,27.450981,0.0,0.0,95.0,97.0,0.0,0.0,0.0,1.0,100.0,0.0,0.0,0.0,8.0,0.0,0.0,null,14.53,0.41440248489379883
1786,23011501,0,20230115131941,37.3539818,127.32917,48.0,1365.5,29.411764,26.27451,15500.0,10.97,44.313725,350.0,29.80392,0.0,0.0,96.0,97.0,0.0,0.0,0.0,1.0,100.0,0.0,0.0,0.0,7.0,0.0,0.0,null,14.53,-0.24664406478405
1787,23011501,0,20230115131942,37.3539186,127.3292999,50.0,1416.5,32.156864,26.27451,15940.0,14.88,44.313725,350.0,29.80392,0.0,0.0,96.0,97.0,0.0,0.0,0.0,1.0,100.0,0.0,0.0,0.0,7.0,0.0,0.0,null,14.53,0.07981309294700623
1788,23011501,0,20230115131943,37.3538529,127.3294333,51.0,1460.5,32.156864,29.019608,16060.0,16.25,44.313725,350.0,32.54902,0.0,0.0,97.0,97.0,0.0,0.0,0.0,1.0,100.0,0.0,0.0,0.0,7.0,0.0,0.0,null,14.53,0.05815880000591278
1789,23011501,0,20230115131944,37.3537852,127.3295703,53.0,1460.5,32.156864,29.019608,16060.0,17.16,44.313725,350.0,33.72549,0.0,0.0,97.0,97.0,0.0,0.0,0.0,1.0,100.0,0.0,0.0,0.0,7.0,0.0,0.0,null,14.53,0.4549291729927063
1790,23011501,0,20230115131945,37.3537164,127.3297118,54.0,1516.5,32.156864,29.019608,14920.0,17.16,44.313725,350.0,35.686275,0.0,0.0,97.0,99.0,0.0,0.0,0.0,1.0,100.0,0.0,0.0,0.0,7.0,0.0,0.0,null,14.53,0.033931925892829895
1791,23011501,0,20230115131946,37.3536442,127.3298612,55.0,1539.0,14.509804,29.019608,14920.0,11.38,44.313725,350.0,7.45098,0.0,0.0,46.0,99.0,0.0,0.0,0.0,1.0,100.0,0.0,0.0,0.0,6.0,0.0,0.0,null,14.53,-0.04134513810276985
1792,23011501,0,20230115131947,37.3535718,127.3300104,53.0,1459.0,14.509804,14.117647,8760.0,2.91,44.313725,350.0,7.45098,0.0,0.0,27.0,99.0,0.0,0.0,0.0,1.0,100.0,0.0,0.0,0.0,6.0,0.0,0.0,null,14.53,-0.18056084215641022
1793,23011501,0,20230115131948,37.3534992,127.3301595,52.0,1459.0,14.509804,14.117647,8760.0,2.91,44.313725,350.0,5.882353,0.0,0.0,27.0,99.0,0.0,0.0,0.0,1.0,100.0,0.0,0.0,0.0,7.0,0.0,0.0,null,14.53,-0.37246423959732056
1794,23011501,0,20230115131949,37.3534287,127.330305,51.0,1433.5,14.509804,14.117647,9190.0,3.08,44.313725,350.0,6.27451,0.0,0.0,28.0,99.0,0.0,0.0,0.0,1.0,100.0,0.0,0.0,0.0,7.0,0.0,0.0,null,14.53,-0.27494409680366516
1795,23011501,0,20230115131950,37.3533601,127.3304465,49.0,1388.5,14.509804,14.117647,9190.0,2.94,44.313725,350.0,6.27451,0.0,0.0,28.0,99.0,0.0,0.0,0.0,1.0,100.0,0.0,0.0,0.0,8.0,0.0,0.0,null,14.53,0.24133183062076569
1796,23011501,0,20230115131951,37.3532936,127.3305845,48.0,1350.5,14.509804,14.117647,9380.0,2.94,44.313725,350.0,6.27451,0.0,0.0,29.0,99.0,0.0,0.0,0.0,1.0,100.0,0.0,0.0,0.0,8.0,0.0,0.0,null,14.53,0.9096337556838989
1797,23011501,0,20230115131952,37.3532296,127.330719,46.0,1302.0,14.509804,14.117647,9380.0,2.86,44.313725,350.0,6.27451,0.0,0.0,29.0,99.0,0.0,0.0,0.0,1.0,100.0,0.0,0.0,0.0,8.0,0.0,0.0,null,14.53,0.09845150262117386
1798,23011501,0,20230115131953,37.353168,127.3308501,45.0,1260.5,14.509804,14.117647,9610.0,2.75,44.313725,350.0,6.27451,0.0,0.0,29.0,99.0,0.0,0.0,0.0,1.0,100.0,0.0,0.0,0.0,8.0,0.0,0.0,null,14.53,-0.08986146003007889
1799,23011501,0,20230115131954,37.3531084,127.3309774,44.0,1237.0,14.509804,14.90196,8870.0,5.16,44.313725,350.0,6.27451,0.0,0.0,60.0,99.0,0.0,0.0,0.0,1.0,100.0,0.0,0.0,0.0,8.0,0.0,0.0,null,14.53,-0.08672300726175308
1800,23011501,0,20230115131955,37.3530523,127.331097,44.0,1237.0,27.450981,20.0,8870.0,9.0,44.313725,350.0,14.509804,0.0,0.0,94.0,99.0,0.0,0.0,0.0,1.0,100.0,0.0,0.0,0.0,8.0,0.0,0.0,null,14.53,-0.21651865541934967
1801,23011501,0,20230115131956,37.352994,127.3312199,45.0,1248.0,25.09804,20.0,11020.0,8.0,44.313725,350.0,22.745098,0.0,0.0,94.0,96.0,0.0,0.0,0.0,1.0,100.0,0.0,0.0,0.0,8.0,0.0,0.0,null,14.53,-0.05691719427704811
1802,23011501,0,20230115131957,37.3529355,127.3313428,44.0,1250.5,25.09804,15.294118,11020.0,8.0,44.313725,350.0,13.725491,0.0,0.0,84.0,96.0,0.0,0.0,0.0,1.0,100.0,0.0,0.0,0.0,8.0,0.0,0.0,null,14.53,-0.15491995215415955
1803,23011501,0,20230115131958,37.3528766,127.3314654,44.0,1247.0,25.09804,15.294118,7830.0,4.75,44.313725,350.0,12.941176,0.0,0.0,55.0,96.0,0.0,0.0,0.0,1.0,100.0,0.0,0.0,0.0,8.0,0.0,0.0,null,14.53,-0.22159123420715332
1804,23011501,0,20230115131959,37.3528173,127.3315877,44.0,1238.0,25.09804,17.647058,7830.0,6.97,44.313725,350.0,17.647058,0.0,0.0,81.0,96.0,0.0,0.0,0.0,1.0,100.0,0.0,0.0,0.0,8.0,0.0,0.0,null,14.53,0.21927493810653687
1805,23011501,0,20230115132000,37.3527598,127.3317062,44.0,1245.0,25.490196,17.647058,8160.0,7.05,44.313725,350.0,17.647058,0.0,0.0,82.0,96.0,0.0,0.0,0.0,1.0,100.0,0.0,0.0,0.0,8.0,0.0,0.0,null,14.436,-0.0027287013363093138
1806,23011501,0,20230115132001,37.3527009,127.3318287,44.0,1254.0,25.490196,17.647058,8780.0,6.86,44.313725,350.0,17.647058,0.0234375,0.0,84.0,96.0,0.0,0.0,0.0,1.0,100.0,0.0,0.0,0.0,8.0,0.0,0.0,null,14.436,0.42688655853271484
1807,23011501,0,20230115132002,37.3526433,127.3319523,44.0,1259.5,25.490196,18.431372,8780.0,7.13,44.313725,350.0,18.431372,0.0234375,0.0,80.0,96.0,0.0,0.0,0.0,1.0,100.0,0.0,0.0,0.0,8.0,0.0,0.0,null,14.436,-0.0910973846912384
1808,23011501,0,20230115132003,37.3525865,127.3320765,43.0,1259.5,16.078432,18.431372,8120.0,3.02,44.313725,350.0,19.607843,0.0234375,0.0,80.0,96.0,0.0,0.0,0.0,1.0,100.0,0.0,0.0,0.0,8.0,0.0,0.0,null,14.436,-0.389009952545166
1809,23011501,0,20230115132004,37.3525285,127.3321998,43.0,1218.5,16.078432,15.294118,9210.0,8.5,44.313725,350.0,6.6666665,0.0234375,0.0,29.0,96.0,0.0,0.0,0.0,1.0,100.0,0.0,0.0,0.0,8.0,0.0,0.0,null,14.436,-0.4484400749206543
1810,23011501,0,20230115132005,37.3524715,127.3323186,43.0,1207.5,25.882353,19.607843,9210.0,8.5,44.313725,350.0,20.392157,0.0234375,0.0,87.0,96.0,0.0,0.0,0.0,1.0,100.0,0.0,0.0,0.0,8.0,0.0,0.0,null,14.436,0.07135307043790817
1811,23011501,0,20230115132006,37.3524132,127.332444,43.0,1212.5,25.882353,19.607843,8560.0,8.11,44.313725,350.0,18.82353,0.0234375,0.0,87.0,94.0,0.0,0.0,0.0,1.0,100.0,0.0,0.0,0.0,8.0,0.0,0.0,null,14.436,0.1294303983449936
1812,23011501,0,20230115132007,37.3523558,127.3325626,43.0,1212.0,25.882353,19.215687,8560.0,7.38,44.313725,350.0,18.82353,0.0234375,0.0,86.0,94.0,0.0,0.0,0.0,1.0,100.0,0.0,0.0,0.0,8.0,0.0,0.0,null,14.436,0.49530893564224243
1813,23011501,0,20230115132008,37.3522991,127.3326817,43.0,1207.0,14.509804,19.215687,9520.0,7.3,44.313725,350.0,20.392157,0.0234375,0.0,91.0,94.0,0.0,0.0,0.0,1.0,100.0,0.0,0.0,0.0,8.0,0.0,0.0,null,14.436,0.5976471304893494
1814,23011501,0,20230115132009,37.3522438,127.3328016,41.0,1151.0,14.509804,14.117647,9520.0,3.05,44.313725,350.0,7.8431373,0.0234375,0.0,36.0,94.0,0.0,0.0,0.0,1.0,100.0,0.0,0.0,0.0,8.0,0.0,0.0,null,14.436,0.29243528842926025
1815,23011501,0,20230115132010,37.352192,127.332919,39.0,1119.0,14.509804,14.117647,7920.0,2.55,44.313725,350.0,7.8431373,0.0234375,0.0,28.0,94.0,0.0,0.0,0.0,1.0,100.0,0.0,0.0,0.0,8.0,0.0,0.0,null,14.436,0.18145959079265594
1816,23011501,0,20230115132011,37.3521435,127.3330335,37.0,1300.5,14.509804,13.725491,8110.0,2.77,44.313725,350.0,6.27451,0.0234375,0.0,28.0,94.0,0.0,0.0,0.0,1.0,100.0,0.0,0.0,0.0,8.0,0.0,0.0,null,14.436,-0.12264548987150192
1817,23011501,0,20230115132012,37.3520977,127.3331448,36.0,1240.0,14.509804,13.725491,8110.0,2.75,44.313725,350.0,6.27451,0.0234375,0.0,29.0,94.0,0.0,0.0,0.0,1.0,100.0,0.0,0.0,0.0,8.0,0.0,0.0,null,14.436,0.07820998132228851
1818,23011501,0,20230115132013,37.3520546,127.3332527,35.0,1182.5,14.509804,13.725491,8290.0,2.55,44.313725,350.0,6.27451,0.0234375,0.0,29.0,94.0,0.0,0.0,0.0,1.0,100.0,0.0,0.0,0.0,8.0,0.0,0.0,null,14.436,-0.02833540365099907
1819,23011501,0,20230115132014,37.3520136,127.333357,33.0,1136.5,14.509804,13.725491,8390.0,2.41,44.313725,350.0,6.27451,0.0234375,0.0,29.0,94.0,0.0,0.0,0.0,1.0,100.0,0.0,0.0,0.0,8.0,0.0,0.0,null,14.436,0.10458207130432129
1820,23011501,0,20230115132015,37.3519763,127.3334536,32.0,1366.5,23.921568,16.078432,8390.0,6.11,44.313725,350.0,6.27451,0.0234375,0.0,76.0,94.0,0.0,0.0,0.0,1.0,100.0,0.0,0.0,0.0,8.0,0.0,0.0,null,14.436,0.39308813214302063
1821,23011501,0,20230115132016,37.3519398,127.3335505,33.0,1366.5,29.411764,16.078432,14040.0,14.33,44.313725,350.0,20.0,0.0234375,0.0,97.0,93.0,0.0,0.0,0.0,1.0,100.0,0.0,0.0,0.0,9.0,0.0,0.0,null,14.436,0.5143094658851624
1822,23011501,0,20230115132017,37.3519056,127.3336439,34.0,1517.0,29.411764,20.784313,9240.0,6.83,43.92157,350.0,24.313726,0.0234375,0.0,97.0,93.0,0.0,0.0,0.0,1.0,100.0,0.0,0.0,0.0,8.0,0.0,0.0,null,14.436,0.16619336605072021
1823,23011501,0,20230115132018,37.3518707,127.3337419,34.0,1419.5,14.509804,14.509804,9240.0,3.72,43.92157,350.0,13.333333,0.0234375,0.0,65.0,93.0,0.0,0.0,0.0,1.0,100.0,0.0,0.0,0.0,8.0,0.0,0.0,null,14.436,0.5157520771026611
1824,23011501,0,20230115132019,37.3518358,127.3338447,33.0,1342.5,14.509804,14.509804,7930.0,3.72,43.92157,350.0,7.0588236,0.0234375,0.0,30.0,93.0,0.0,0.0,0.0,1.0,100.0,0.0,0.0,0.0,8.0,0.0,0.0,null,14.506,0.7078019380569458
1825,23011501,0,20230115132020,37.3518035,127.333944,32.0,1271.5,14.509804,14.509804,7930.0,2.88,43.92157,350.0,6.27451,0.0234375,0.0,28.0,93.0,0.0,0.0,0.0,1.0,100.0,0.0,0.0,0.0,8.0,0.0,0.0,null,14.506,0.4150897264480591
1826,23011501,0,20230115132021,37.3517722,127.3340439,30.0,1213.5,14.509804,13.725491,8190.0,2.66,43.92157,350.0,6.27451,0.0,0.0,29.0,93.0,0.0,0.0,0.0,1.0,100.0,0.0,0.0,0.0,8.0,0.0,0.0,null,14.506,-0.3554936349391937
1827,23011501,0,20230115132022,37.3517444,127.3341358,29.0,1153.5,14.509804,13.725491,8190.0,2.5,43.92157,350.0,6.27451,0.0,0.0,29.0,93.0,0.0,0.0,0.0,1.0,100.0,0.0,0.0,0.0,8.0,0.0,0.0,null,14.506,-0.633992612361908
1828,23011501,0,20230115132023,37.3517173,127.334228,26.0,1153.5,14.509804,13.725491,8390.0,2.16,43.92157,350.0,6.27451,0.0,0.0,29.0,93.0,0.0,0.0,0.0,1.0,100.0,0.0,0.0,0.0,9.0,0.0,0.0,null,14.506,0.2805179953575134
1829,23011501,0,20230115132024,37.3516934,127.3343123,23.0,1022.5,14.509804,13.333333,8500.0,2.58,43.92157,350.0,5.490196,0.0,0.0,28.0,93.0,0.0,0.0,0.0,1.0,100.0,0.0,0.0,0.0,9.0,0.0,0.0,null,14.506,0.4977862238883972
1830,23011501,0,20230115132025,37.3516729,127.3343885,24.0,1209.5,28.62745,22.352942,8500.0,2.58,43.92157,350.0,20.392157,0.0,0.0,31.0,93.0,0.0,0.0,0.0,1.0,100.0,0.0,0.0,0.0,9.0,0.0,0.0,null,14.506,0.2813005745410919
1831,23011501,0,20230115132026,37.3516541,127.3344607,26.0,1347.0,28.62745,22.352942,7840.0,8.75,43.92157,350.0,18.431372,0.0,0.0,93.0,93.0,0.0,0.0,0.0,1.0,100.0,0.0,0.0,0.0,9.0,0.0,0.0,null,14.506,-0.025496110320091248
1832,23011501,0,20230115132027,37.3516348,127.3345373,26.0,1374.5,20.392157,22.352942,7840.0,4.63,43.92157,350.0,10.980392,0.0,0.0,49.0,92.0,0.0,0.0,0.0,1.0,100.0,0.0,0.0,0.0,8.0,0.0,0.0,null,14.506,-0.11095693707466125
1833,23011501,0,20230115132028,37.3516149,127.3346139,27.0,1470.0,20.392157,16.862745,8110.0,6.86,43.92157,350.0,18.431372,0.0,0.0,81.0,92.0,0.0,0.0,0.0,1.0,100.0,0.0,0.0,0.0,8.0,0.0,0.0,null,14.506,-0.08961150050163269
1834,23011501,0,20230115132029,37.3515924,127.3346987,29.0,1551.5,26.27451,19.607843,8110.0,8.58,43.92157,350.0,18.431372,0.0,0.0,86.0,92.0,0.0,0.0,0.0,1.0,100.0,0.0,0.0,0.0,9.0,0.0,0.0,null,14.506,0.05488375201821327
1835,23011501,0,20230115132030,37.35157,127.3347834,30.0,1551.5,14.509804,19.607843,8160.0,5.13,43.92157,350.0,18.431372,0.0,0.0,35.0,92.0,0.0,0.0,0.0,1.0,100.0,0.0,0.0,0.0,9.0,0.0,0.0,null,14.506,-0.3032664656639099
1836,23011501,0,20230115132031,37.3515461,127.3348724,30.0,1551.0,14.509804,17.254902,8970.0,9.86,43.92157,350.0,7.45098,0.0,0.0,35.0,92.0,0.0,0.0,0.0,1.0,100.0,0.0,0.0,0.0,8.0,0.0,0.0,null,14.506,-0.8262421488761902
1837,23011501,0,20230115132032,37.3515204,127.3349605,31.0,1800.0,25.882353,21.17647,8970.0,10.41,43.92157,350.0,18.82353,0.0,0.0,82.0,92.0,0.0,0.0,0.0,1.0,100.0,0.0,0.0,0.0,8.0,0.0,0.0,null,14.506,-1.3293609619140625
1838,23011501,0,20230115132033,37.351489,127.3350555,32.0,1764.5,14.509804,21.17647,8810.0,10.41,43.92157,350.0,12.156863,0.0,0.0,53.0,92.0,0.0,0.0,0.0,1.0,100.0,0.0,0.0,0.0,8.0,0.0,0.0,null,14.506,-1.5833323001861572
1839,23011501,0,20230115132034,37.3514541,127.3351485,31.0,1673.5,14.509804,14.509804,8810.0,4.47,43.92157,350.0,6.27451,0.0,0.0,25.0,92.0,0.0,0.0,0.0,1.0,100.0,0.0,0.0,0.0,8.0,0.0,0.0,null,14.506,-2.0847418308258057
1840,23011501,0,20230115132035,37.3514154,127.3352391,31.0,1617.5,23.529411,14.509804,8780.0,3.63,43.92157,350.0,7.8431373,0.0,0.0,28.0,92.0,0.0,0.0,0.0,1.0,100.0,0.0,0.0,0.0,8.0,0.0,0.0,null,14.506,-2.2039473056793213
1841,23011501,0,20230115132036,37.3513734,127.3353222,32.0,1819.0,23.529411,17.647058,9200.0,7.3,43.92157,350.0,14.509804,0.0,0.0,62.0,92.0,0.0,0.0,0.0,1.0,100.0,0.0,0.0,0.0,8.0,0.0,0.0,null,14.506,-3.5987563133239746
1842,23011501,0,20230115132037,37.3513143,127.3354075,34.0,1842.0,18.039215,17.647058,9200.0,5.66,43.92157,350.0,10.980392,0.0,0.0,39.0,91.0,0.0,0.0,0.0,1.0,100.0,0.0,0.0,0.0,8.0,0.0,0.0,null,14.506,-2.6130378246307373
1843,23011501,0,20230115132038,37.3512556,127.3354855,34.0,1432.5,18.039215,16.078432,8180.0,5.27,43.137257,350.0,20.0,0.0,0.0,54.0,91.0,0.0,0.0,0.0,1.0,100.0,0.0,0.0,0.0,8.0,0.0,0.0,null,14.506,-3.891263484954834
1844,23011501,0,20230115132039,37.3511902,127.3355547,35.0,1463.0,30.19608,29.411764,8180.0,13.02,43.137257,350.0,20.0,0.0,0.0,95.0,91.0,0.0,0.0,0.0,1.0,100.0,0.0,0.0,0.0,8.0,0.0,0.0,null,14.506,-3.051856756210327
1845,23011501,0,20230115132040,37.3511153,127.3356152,37.0,1463.0,27.843138,29.411764,14870.0,14.25,43.137257,350.0,30.19608,0.0,0.0,96.0,91.0,0.0,0.0,0.0,1.0,100.0,0.0,0.0,0.0,8.0,0.0,0.0,null,14.389,-3.434734582901001
1846,23011501,0,20230115132041,37.3510329,127.3356688,37.0,1489.0,27.843138,21.960785,9910.0,7.11,43.137257,350.0,25.490196,0.0,0.0,96.0,91.0,0.0,0.0,0.0,1.0,100.0,0.0,0.0,0.0,8.0,0.0,0.0,null,14.389,-4.613656520843506
1847,23011501,0,20230115132042,37.3509423,127.3357095,37.0,1299.5,17.647058,15.294118,9910.0,4.72,43.137257,350.0,15.294118,0.0,0.0,81.0,91.0,0.0,0.0,0.0,1.0,100.0,0.0,0.0,0.0,8.0,0.0,0.0,null,14.389,-3.160214424133301
1848,23011501,0,20230115132043,37.3508483,127.3357368,36.0,1288.0,17.647058,15.294118,7940.0,4.72,43.137257,350.0,12.941176,0.0,0.0,52.0,91.0,0.0,0.0,0.0,1.0,100.0,0.0,0.0,0.0,8.0,0.0,0.0,null,14.389,-1.3398739099502563
1849,23011501,0,20230115132044,37.3507535,127.3357585,36.0,1346.5,17.254902,22.352942,7940.0,3.25,43.137257,350.0,10.196078,0.0,0.0,34.0,91.0,0.0,0.0,0.0,1.0,100.0,0.0,0.0,0.0,8.0,0.0,0.0,null,14.389,-0.23239625990390778
1850,23011501,0,20230115132045,37.3506619,127.3357776,37.0,1695.5,29.019608,22.352942,13620.0,12.3,43.137257,350.0,26.27451,0.0,0.0,95.0,91.0,0.0,0.0,0.0,1.0,100.0,0.0,0.0,0.0,8.0,0.0,0.0,null,14.389,0.07202520966529846
1851,23011501,0,20230115132046,37.3505704,127.335797,39.0,1650.5,29.019608,28.235294,13620.0,13.52,43.137257,350.0,26.27451,0.0,0.0,96.0,91.0,0.0,0.0,0.0,1.0,100.0,0.0,0.0,0.0,8.0,0.0,0.0,null,14.389,0.2070847898721695
1852,23011501,0,20230115132047,37.3504754,127.3358182,40.0,1370.5,14.509804,28.235294,15120.0,12.19,43.137257,350.0,11.764706,0.0,0.0,64.0,91.0,0.0,0.0,0.0,1.0,100.0,0.0,0.0,0.0,8.0,0.0,0.0,null,14.389,0.04489417001605034
1853,23011501,0,20230115132048,37.350377,127.3358406,39.0,1364.5,14.509804,14.509804,8930.0,3.19,43.137257,350.0,11.764706,0.0,0.0,28.0,91.0,0.0,0.0,0.0,1.0,100.0,0.0,0.0,0.0,8.0,0.0,0.0,null,14.389,-0.16847364604473114
1854,23011501,0,20230115132049,37.3502751,127.3358631,39.0,1364.5,14.509804,14.117647,8930.0,2.86,43.137257,350.0,6.6666665,0.0,0.0,26.0,91.0,0.0,0.0,0.0,1.0,100.0,0.0,0.0,0.0,8.0,0.0,0.0,null,14.389,0.012415030971169472
1855,23011501,0,20230115132050,37.3501765,127.3358847,38.0,1300.0,27.450981,14.117647,8150.0,5.8,43.137257,350.0,6.27451,0.0,0.0,26.0,91.0,0.0,0.0,0.0,1.0,100.0,0.0,0.0,0.0,8.0,0.0,0.0,null,14.389,-0.08480201661586761
1856,23011501,0,20230115132051,37.3500779,127.3359059,39.0,1340.5,27.450981,24.705883,13760.0,11.44,43.137257,350.0,21.17647,0.0,0.0,84.0,91.0,0.0,0.0,0.0,1.0,100.0,0.0,0.0,0.0,8.0,0.0,0.0,null,14.389,0.008501540869474411
1857,23011501,0,20230115132052,37.3499829,127.335926,40.0,1454.5,23.921568,22.352942,13760.0,8.72,43.137257,350.0,25.09804,0.0,0.0,96.0,91.0,0.0,0.0,0.0,1.0,100.0,0.0,0.0,0.0,8.0,0.0,0.0,null,14.389,-0.05620583891868591
1858,23011501,0,20230115132053,37.3498807,127.3359475,42.0,1417.5,23.921568,22.352942,7970.0,8.72,43.137257,350.0,17.254902,0.0,0.0,86.0,91.0,0.0,0.0,0.0,1.0,100.0,0.0,0.0,0.0,8.0,0.0,0.0,null,14.389,-0.5601972341537476
1859,23011501,0,20230115132054,37.3497786,127.3359692,42.0,1439.5,23.921568,17.254902,7830.0,5.11,43.137257,350.0,13.725491,0.0,0.0,64.0,91.0,0.0,0.0,0.0,1.0,100.0,0.0,0.0,0.0,8.0,0.0,0.0,null,14.389,0.18004675209522247
1860,23011501,0,20230115132055,37.349673,127.3359918,43.0,1465.0,20.392157,15.686275,7830.0,7.11,43.137257,350.0,16.078432,0.0,0.0,78.0,91.0,0.0,0.0,0.0,1.0,100.0,0.0,0.0,0.0,8.0,0.0,0.0,null,14.389,0.15738967061042786
1861,23011501,0,20230115132056,37.3495674,127.3360147,43.0,1474.0,20.392157,15.686275,11260.0,5.13,43.137257,350.0,10.980392,0.0,0.0,52.0,91.0,0.0,0.0,0.0,1.0,100.0,0.0,0.0,0.0,8.0,0.0,0.0,null,14.389,0.21833987534046173
1862,23011501,0,20230115132057,37.3494582,127.336038,44.0,1510.0,24.313726,16.078432,11260.0,9.75,43.137257,350.0,18.039215,0.0,0.0,90.0,91.0,0.0,0.0,0.0,1.0,100.0,0.0,0.0,0.0,8.0,0.0,0.0,null,14.389,-0.14610035717487335
1863,23011501,0,20230115132058,37.3493489,127.3360607,44.0,1523.5,24.313726,16.078432,7980.0,4.66,42.35294,350.0,10.980392,0.0,0.0,47.0,91.0,0.0,0.0,0.0,1.0,100.0,0.0,0.0,0.0,8.0,0.0,0.0,null,14.389,-0.0209973081946373
1864,23011501,0,20230115132059,37.3492362,127.3360845,44.0,1531.5,20.784313,16.078432,7980.0,5.41,42.35294,350.0,10.980392,0.0,0.0,51.0,91.0,0.0,0.0,0.0,1.0,100.0,0.0,0.0,0.0,8.0,0.0,0.0,null,14.389,0.16197961568832397
1865,23011501,0,20230115132100,37.3491235,127.3361084,45.0,1531.5,21.568628,16.078432,8070.0,5.75,42.35294,350.0,11.764706,0.0,0.0,54.0,91.0,0.0,0.0,0.0,1.0,100.0,0.0,0.0,0.0,8.0,0.0,0.0,null,14.506,-0.41207951307296753
1866,23011501,0,20230115132101,37.3490107,127.3361327,45.0,1545.5,21.568628,16.470589,8140.0,4.16,42.35294,350.0,12.54902,0.0625,0.0,54.0,91.0,0.0,0.0,0.0,1.0,100.0,0.0,0.0,0.0,8.0,0.0,0.0,null,14.506,-0.7704572081565857
1867,23011501,0,20230115132102,37.3488913,127.3361638,44.0,1540.0,18.039215,16.078432,8140.0,4.16,42.35294,350.0,7.0588236,0.0625,0.0,31.0,91.0,0.0,0.0,0.0,1.0,100.0,0.0,0.0,0.0,8.0,0.0,0.0,null,14.506,-2.279935836791992
1868,23011501,0,20230115132103,37.3487739,127.3361777,44.0,1534.0,18.039215,16.078432,7980.0,5.19,42.35294,350.0,10.588235,0.0625,0.0,44.0,91.0,0.0,0.0,0.0,1.0,100.0,0.0,0.0,0.0,8.0,0.0,0.0,null,14.506,-3.5737743377685547
1869,23011501,0,20230115132104,37.3486596,127.336176,43.0,1518.0,18.82353,16.078432,7980.0,5.38,42.35294,350.0,10.980392,0.0625,0.0,46.0,91.0,0.0,0.0,0.0,1.0,100.0,0.0,0.0,0.0,8.0,0.0,0.0,null,14.506,-3.826730251312256
1870,23011501,0,20230115132105,37.3485463,127.3361577,42.0,1466.5,18.82353,14.90196,7940.0,3.36,42.35294,350.0,6.27451,0.0625,0.0,25.0,91.0,0.0,0.0,0.0,1.0,100.0,0.0,0.0,0.0,8.0,0.0,0.0,null,14.506,-3.6994872093200684
1871,23011501,0,20230115132106,37.3484388,127.3361245,41.0,1395.5,17.254902,14.117647,7940.0,3.13,42.35294,350.0,6.27451,0.0625,0.0,29.0,91.0,0.0,0.0,0.0,1.0,100.0,0.0,0.0,0.0,8.0,0.0,0.0,null,14.506,-2.887763500213623
1872,23011501,0,20230115132107,37.3483381,127.3360789,39.0,1395.5,17.647058,14.117647,8160.0,2.97,42.35294,350.0,6.27451,0.0625,0.0,29.0,91.0,0.0,0.0,0.0,1.0,100.0,0.0,0.0,0.0,9.0,0.0,0.0,null,14.506,-2.248849391937256
1873,23011501,0,20230115132108,37.3482436,127.3360257,38.0,1363.5,17.647058,14.117647,8370.0,2.86,42.35294,350.0,6.6666665,0.0625,0.0,29.0,91.0,0.0,0.0,0.0,1.0,100.0,0.0,0.0,0.0,9.0,0.0,0.0,null,14.506,-1.343721866607666
1874,23011501,0,20230115132109,37.3481507,127.3359682,38.0,1322.5,17.254902,15.686275,8370.0,2.86,42.35294,350.0,9.803922,0.0625,0.0,35.0,91.0,0.0,0.0,0.0,1.0,100.0,0.0,0.0,0.0,9.0,0.0,0.0,null,14.506,0.485588014125824
1875,23011501,0,20230115132110,37.3480638,127.335916,37.0,1269.5,17.254902,15.686275,8370.0,4.63,42.35294,350.0,7.0588236,0.0625,0.0,35.0,91.0,0.0,0.0,0.0,1.0,100.0,0.0,0.0,0.0,9.0,0.0,0.0,null,14.506,2.919663190841675
1876,23011501,0,20230115132111,37.3479746,127.3358706,36.0,1246.5,25.882353,15.686275,7890.0,6.83,42.35294,350.0,16.862745,0.0625,0.0,76.0,91.0,0.0,0.0,0.0,1.0,100.0,0.0,0.0,0.0,9.0,0.0,0.0,null,14.506,2.709876537322998
1877,23011501,0,20230115132112,37.3478862,127.3358349,37.0,1267.5,25.882353,18.039215,8250.0,7.36,42.35294,350.0,16.862745,0.0625,0.0,81.0,91.0,0.0,0.0,0.0,1.0,100.0,0.0,0.0,0.0,9.0,0.0,0.0,null,14.506,2.6525752544403076
1878,23011501,0,20230115132113,37.3477958,127.3358089,37.0,1278.0,25.09804,18.039215,8250.0,7.36,42.35294,350.0,17.647058,0.0625,0.0,80.0,91.0,0.0,0.0,0.0,1.0,100.0,0.0,0.0,0.0,9.0,0.0,0.0,null,14.506,1.9578330516815186
1879,23011501,0,20230115132114,37.3477004,127.3357909,37.0,1278.0,25.490196,18.039215,7950.0,6.44,42.35294,350.0,16.078432,0.0625,0.0,80.0,91.0,0.0,0.0,0.0,1.0,100.0,0.0,0.0,0.0,9.0,0.0,0.0,null,14.506,-2.983684539794922
1880,23011501,0,20230115132115,37.3476094,127.3357686,37.0,1296.0,25.490196,23.137255,12180.0,9.22,42.35294,350.0,19.607843,0.0625,0.0,80.0,91.0,0.0,0.0,0.0,1.0,100.0,0.0,0.0,0.0,9.0,0.0,0.0,null,14.506,-3.9598913192749023
1881,23011501,0,20230115132116,37.3475178,127.3357309,38.0,1310.0,17.254902,15.294118,12180.0,5.47,42.35294,350.0,20.0,0.0625,0.0,94.0,91.0,0.0,0.0,0.0,1.0,100.0,0.0,0.0,0.0,9.0,0.0,0.0,null,14.506,-2.3044328689575195
1882,23011501,0,20230115132117,37.3474288,127.3356845,36.0,1305.5,14.509804,15.294118,7930.0,5.47,42.35294,350.0,9.019608,0.0625,0.0,46.0,90.0,0.0,0.0,0.0,1.0,100.0,0.0,0.0,0.0,9.0,0.0,0.0,null,14.506,-0.6519796252250671
1883,23011501,0,20230115132118,37.3473411,127.3356344,35.0,1231.5,14.509804,13.725491,7930.0,2.83,42.35294,350.0,6.27451,0.0625,0.0,26.0,90.0,0.0,0.0,0.0,1.0,100.0,0.0,0.0,0.0,9.0,0.0,0.0,null,14.506,0.006605097558349371
1884,23011501,0,20230115132119,37.3472566,127.3355858,32.0,1152.5,14.509804,13.725491,8110.0,2.58,41.960785,350.0,6.27451,0.0625,0.0,29.0,90.0,0.0,0.0,0.0,1.0,100.0,0.0,0.0,0.0,9.0,0.0,0.0,null,14.506,-0.17311199009418488
1885,23011501,0,20230115132120,37.3471787,127.3355413,30.0,1170.5,14.509804,13.333333,8110.0,2.3,41.960785,350.0,9.019608,0.0625,0.0,31.0,90.0,0.0,0.0,0.0,1.0,100.0,0.0,0.0,0.0,9.0,0.0,0.0,null,14.506,1.5509414672851562
1886,23011501,0,20230115132121,37.3471038,127.3354991,29.0,1506.5,14.509804,13.333333,7850.0,4.66,41.960785,350.0,9.019608,0.0625,0.0,35.0,90.0,0.0,0.0,0.0,1.0,100.0,0.0,0.0,0.0,9.0,0.0,0.0,null,14.436,-0.12281238287687302
1887,23011501,0,20230115132122,37.3470323,127.3354587,26.0,1506.5,14.509804,14.509804,7930.0,3.13,41.960785,350.0,7.8431373,-0.015625,0.0,26.0,90.0,0.0,0.0,0.0,1.0,100.0,0.0,0.0,0.0,9.0,0.0,0.0,null,14.436,-0.5653882622718811
1888,23011501,0,20230115132123,37.3469676,127.3354205,25.0,1348.0,29.411764,25.882353,7930.0,13.63,41.960785,350.0,8.627451,-0.015625,0.0,26.0,90.0,0.0,0.0,0.0,1.0,100.0,0.0,0.0,0.0,9.0,0.0,0.0,null,14.436,1.2723925113677979
1889,23011501,0,20230115132124,37.3469065,127.3353837,27.0,1583.0,29.411764,25.882353,17210.0,13.63,41.960785,350.0,31.37255,-0.015625,0.0,95.0,90.0,0.0,0.0,0.0,1.0,100.0,0.0,0.0,0.0,9.0,0.0,0.0,null,14.436,-0.14352020621299744
1890,23011501,0,20230115132125,37.3468457,127.3353462,29.0,1663.0,34.901962,35.686275,17210.0,20.61,41.960785,350.0,39.215687,-0.015625,0.0,97.0,90.0,0.0,0.0,0.0,1.0,100.0,0.0,0.0,0.0,9.0,0.0,0.0,null,14.436,-0.8056944608688354
1891,23011501,0,20230115132126,37.3467824,127.335305,33.0,1763.0,34.901962,35.686275,21850.0,23.38,41.960785,350.0,41.960785,-0.015625,0.0,101.0,90.0,0.0,0.0,0.0,1.0,100.0,0.0,0.0,0.0,8.0,0.0,0.0,null,14.436,-0.5001422166824341
1892,23011501,0,20230115132127,37.3467164,127.3352604,33.0,1729.5,25.09804,25.882353,21850.0,13.02,41.960785,350.0,16.470589,-0.015625,0.0,88.0,90.0,0.0,0.0,0.0,1.0,100.0,0.0,0.0,0.0,8.0,0.0,0.0,null,14.436,-1.7234642505645752
1893,23011501,0,20230115132128,37.3466423,127.3352065,32.0,1707.0,19.607843,25.882353,11530.0,5.0,41.960785,350.0,16.470589,-0.015625,0.0,44.0,90.0,0.0,0.0,0.0,1.0,100.0,0.0,0.0,0.0,8.0,0.0,0.0,null,14.436,-1.772348165512085
1894,23011501,0,20230115132129,37.3465708,127.3351475,31.0,1707.0,19.607843,17.254902,8630.0,7.58,41.960785,350.0,11.764706,-0.015625,0.0,74.0,90.0,0.0,0.0,0.0,1.0,100.0,0.0,0.0,0.0,8.0,0.0,0.0,null,14.436,-2.5389208793640137
1895,23011501,0,20230115132130,37.3465062,127.3350842,32.0,1696.5,27.450981,24.313726,8630.0,7.58,41.960785,350.0,16.470589,-0.015625,0.0,74.0,90.0,0.0,0.0,0.0,0.0,100.0,0.0,0.0,0.0,8.0,0.0,0.0,null,14.436,-2.5766241550445557
1896,23011501,0,20230115132131,37.3464449,127.3350157,32.0,1696.0,27.450981,24.313726,8750.0,12.27,41.960785,350.0,18.431372,-0.015625,0.0,91.0,90.0,0.0,0.0,0.0,0.0,100.0,0.0,0.0,0.0,8.0,0.0,0.0,null,14.436,-2.255281686782837
1897,23011501,0,20230115132132,37.3463865,127.3349434,33.0,1980.0,29.80392,24.313726,8750.0,13.25,41.960785,350.0,34.509804,-0.015625,0.0,95.0,90.0,0.0,0.0,0.0,0.0,100.0,0.0,0.0,0.0,8.0,0.0,0.0,null,14.436,-0.9385109543800354
1898,23011501,0,20230115132133,37.3463305,127.3348683,36.0,2087.5,29.80392,31.764706,20570.0,26.55,41.960785,350.0,34.509804,-0.015625,0.0,101.0,90.0,0.0,0.0,0.0,0.0,100.0,0.0,0.0,0.0,8.0,0.0,0.0,null,14.436,-0.802888035774231
1899,23011501,0,20230115132134,37.3462639,127.3347916,39.0,2087.5,34.901962,33.72549,20570.0,27.58,41.960785,350.0,44.705883,-0.015625,0.0,102.0,90.0,0.0,0.0,0.0,0.0,100.0,0.0,0.0,0.0,8.0,0.0,0.0,null,14.436,0.07167993485927582
1900,23011501,0,20230115132135,37.3461991,127.3347022,42.0,2207.0,36.07843,33.72549,26500.0,25.8,41.960785,350.0,44.313725,-0.015625,0.0,102.0,90.0,0.0,0.0,0.0,0.0,100.0,0.0,0.0,0.0,8.0,0.0,0.0,null,14.436,-0.7520056366920471
1901,23011501,0,20230115132136,37.3461309,127.3346047,45.0,1790.0,36.07843,37.2549,26890.0,26.61,41.960785,350.0,45.490196,-0.015625,0.0,105.0,90.0,0.0,0.0,0.0,0.0,100.0,0.0,0.0,0.0,7.0,0.0,0.0,null,14.436,-1.52903151512146
1902,23011501,0,20230115132137,37.3460621,127.3344962,48.0,1855.0,36.07843,40.0,26890.0,29.83,41.960785,350.0,47.843136,-0.015625,0.0,108.0,90.0,0.0,0.0,0.0,0.0,100.0,0.0,0.0,0.0,7.0,0.0,0.0,null,14.436,-0.9298422932624817
1903,23011501,0,20230115132138,37.3459945,127.3343808,52.0,1962.0,36.07843,40.0,28720.0,29.83,41.960785,350.0,49.019608,-0.015625,0.0,108.0,91.0,0.0,0.0,0.0,0.0,100.0,0.0,0.0,0.0,6.0,0.0,0.0,null,14.436,-0.421277791261673
1904,23011501,0,20230115132139,37.3459202,127.3342493,54.0,2108.0,36.07843,36.07843,28720.0,32.33,40.39216,350.0,49.019608,-0.015625,0.0,109.0,91.0,0.0,0.0,0.0,0.0,100.0,0.0,0.0,0.0,6.0,0.0,0.0,null,14.436,-0.3620893061161041
1905,23011501,0,20230115132140,37.3458443,127.3341139,57.0,2012.0,36.07843,36.07843,26090.0,31.41,40.39216,350.0,37.2549,-0.015625,0.0,101.0,91.0,0.0,0.0,0.0,0.0,100.0,0.0,0.0,0.0,6.0,0.0,0.0,null,14.436,-0.6536644697189331
1906,23011501,0,20230115132141,37.3457626,127.3339669,57.0,1958.0,27.843138,24.705883,26090.0,16.47,40.39216,350.0,16.078432,-0.015625,0.0,82.0,91.0,0.0,0.0,0.0,0.0,100.0,0.0,0.0,0.0,6.0,0.0,0.0,null,14.436,-0.13688534498214722
1907,23011501,0,20230115132142,37.3456793,127.3338159,56.0,1889.5,14.509804,24.705883,11830.0,3.66,40.39216,350.0,16.078432,-0.015625,0.0,24.0,91.0,0.0,0.0,0.0,0.0,100.0,0.0,0.0,0.0,6.0,0.0,0.0,null,14.483,0.22520682215690613
1908,23011501,0,20230115132143,37.3455962,127.3336648,53.0,1889.5,14.509804,14.90196,10860.0,4.13,40.39216,350.0,7.0588236,0.0,0.0,24.0,91.0,0.0,0.0,0.0,0.0,100.0,0.0,0.0,0.0,6.0,0.0,0.0,null,14.483,1.1018050909042358
1909,23011501,0,20230115132144,37.3455131,127.3335246,50.0,1789.0,14.509804,14.509804,10860.0,4.13,40.39216,350.0,7.0588236,0.0,0.0,28.0,91.0,0.0,0.0,0.0,0.0,100.0,0.0,0.0,0.0,7.0,0.0,0.0,null,14.483,3.56127667427063
1910,23011501,0,20230115132145,37.3454242,127.3334023,49.0,1671.5,14.509804,14.509804,13180.0,3.72,40.39216,350.0,7.0588236,0.0,0.0,28.0,91.0,0.0,0.0,0.0,0.0,100.0,0.0,0.0,0.0,7.0,0.0,0.0,null,14.483,5.607082843780518
1911,23011501,0,20230115132146,37.3453245,127.3333084,50.0,1857.5,33.333332,14.509804,13180.0,20.3,40.39216,350.0,41.568626,0.0,0.0,102.0,91.0,0.0,0.0,0.0,0.0,100.0,0.0,0.0,0.0,8.0,0.0,0.0,null,14.483,6.640126705169678
1912,23011501,0,20230115132147,37.3452081,127.3332407,52.0,1961.0,33.333332,38.039215,26260.0,28.5,40.39216,350.0,58.82353,0.0,0.0,113.0,91.0,0.0,0.0,0.0,0.0,100.0,0.0,0.0,0.0,8.0,0.0,0.0,null,14.483,6.629832744598389
1913,23011501,0,20230115132148,37.3450828,127.3332065,55.0,1961.0,39.215687,72.54902,26260.0,33.05,40.39216,350.0,58.82353,0.0,0.0,132.0,91.0,0.0,0.0,0.0,0.0,100.0,0.0,0.0,0.0,7.0,0.0,0.0,null,14.483,4.480757236480713
1914,23011501,0,20230115132149,37.3449473,127.3331966,57.0,1606.5,39.60784,72.54902,28640.0,33.05,40.39216,350.0,64.31373,0.0,0.0,132.0,93.0,0.0,0.0,0.0,0.0,100.0,0.0,0.0,0.0,7.0,0.0,0.0,null,14.483,0.18997350335121155
1915,23011501,0,20230115132150,37.344808,127.3331936,59.0,1635.5,39.60784,82.35294,28640.0,34.3,40.39216,350.0,63.92157,0.0,0.0,136.0,93.0,0.0,0.0,0.0,0.0,100.0,0.0,0.0,0.0,6.0,0.0,0.0,null,14.483,0.28245413303375244
1916,23011501,0,20230115132151,37.3446614,127.333192,60.0,1683.5,34.509804,82.35294,29580.0,35.16,40.39216,350.0,63.52941,0.0,0.0,134.0,93.0,0.0,0.0,0.0,0.0,100.0,0.0,0.0,0.0,6.0,0.0,0.0,null,14.483,-0.20836833119392395
1917,23011501,0,20230115132152,37.3445077,127.3331909,60.0,1701.5,34.509804,38.039215,29580.0,21.72,40.39216,350.0,20.392157,0.0,0.0,92.0,93.0,0.0,0.0,0.0,0.0,100.0,0.0,0.0,0.0,6.0,0.0,0.0,null,14.483,0.3906879127025604
1918,23011501,0,20230115132153,37.3443421,127.3331839,57.0,1630.5,14.90196,38.039215,18430.0,3.91,40.39216,350.0,20.392157,0.0,0.0,27.0,93.0,0.0,0.0,0.0,0.0,100.0,0.0,0.0,0.0,6.0,0.0,0.0,null,14.483,-1.514534592628479
1919,23011501,0,20230115132154,37.344192,127.3331784,56.0,1630.5,14.90196,18.039215,14970.0,12.08,40.39216,350.0,10.588235,0.0,0.0,27.0,93.0,0.0,0.0,0.0,0.0,100.0,0.0,0.0,0.0,6.0,0.0,0.0,null,14.483,-5.018594264984131
1920,23011501,0,20230115132155,37.3440434,127.3331531,56.0,1592.0,29.411764,27.450981,14970.0,13.63,40.39216,350.0,25.882353,0.0,0.0,95.0,93.0,0.0,0.0,0.0,0.0,100.0,0.0,0.0,0.0,7.0,0.0,0.0,null,14.483,-6.255941390991211
1921,23011501,0,20230115132156,37.3439072,127.3330998,56.0,1586.0,29.019608,27.450981,14820.0,13.63,40.39216,350.0,26.27451,0.0,0.0,95.0,93.0,0.0,0.0,0.0,0.0,100.0,0.0,0.0,0.0,7.0,0.0,0.0,null,14.483,-6.647904872894287
1922,23011501,0,20230115132157,37.3437824,127.3330132,57.0,1602.5,29.019608,30.980392,14820.0,14.77,40.39216,350.0,33.333332,0.0,0.0,98.0,93.0,0.0,0.0,0.0,0.0,100.0,0.0,0.0,0.0,7.0,0.0,0.0,null,14.483,-5.448344707489014
1923,23011501,0,20230115132158,37.34367,127.3328956,61.0,1672.5,29.019608,30.980392,20550.0,21.16,40.39216,350.0,39.60784,0.0,0.0,97.0,93.0,0.0,0.0,0.0,0.0,100.0,0.0,0.0,0.0,6.0,0.0,0.0,null,14.483,-0.4407848119735718
1924,23011501,0,20230115132159,37.3435602,127.3327675,63.0,1769.0,34.117645,33.333332,20550.0,22.58,40.39216,350.0,38.039215,0.0,0.0,100.0,93.0,0.0,0.0,0.0,0.0,100.0,0.0,0.0,0.0,6.0,0.0,0.0,null,14.483,0.3586873412132263
1925,23011501,0,20230115132200,37.343445,127.3326334,64.0,1777.0,14.509804,33.333332,15870.0,5.94,40.39216,350.0,38.039215,0.0,0.0,30.0,85.0,0.0,0.0,0.0,0.0,100.0,0.0,0.0,0.0,6.0,0.0,0.0,null,14.483,0.6879655718803406
1926,23011501,0,20230115132201,37.3433234,127.3324947,64.0,1777.0,14.509804,14.509804,12440.0,3.72,38.431374,350.0,6.6666665,0.0,0.0,30.0,85.0,0.0,0.0,0.0,0.0,100.0,0.0,0.0,0.0,6.0,0.0,0.0,null,14.483,-0.5348642468452454
1927,23011501,0,20230115132202,37.3432019,127.3323559,63.0,1756.0,16.078432,14.509804,12440.0,3.72,38.431374,350.0,6.27451,0.0,0.0,29.0,85.0,0.0,0.0,0.0,0.0,100.0,0.0,0.0,0.0,7.0,0.0,0.0,null,14.483,-0.13563024997711182
1928,23011501,0,20230115132203,37.3430836,127.3322193,64.0,1769.5,16.078432,17.254902,9020.0,7.55,38.431374,350.0,12.941176,0.0,0.0,52.0,85.0,0.0,0.0,0.0,0.0,100.0,0.0,0.0,0.0,7.0,0.0,0.0,null,14.483,0.44142115116119385
1929,23011501,0,20230115132204,37.3429623,127.3320801,64.0,1788.5,17.254902,17.254902,9020.0,6.25,38.431374,350.0,10.196078,0.0,0.0,40.0,85.0,0.0,0.0,0.0,0.0,100.0,0.0,0.0,0.0,7.0,0.0,0.0,null,14.506,0.9380112290382385
1930,23011501,0,20230115132205,37.3428385,127.3319445,64.0,1402.0,17.254902,14.90196,8040.0,3.08,38.431374,350.0,10.196078,-0.0234375,0.0,28.0,85.0,0.0,0.0,0.0,0.0,100.0,0.0,0.0,0.0,7.0,0.0,0.0,null,14.506,0.7027170658111572
1931,23011501,0,20230115132206,37.3427141,127.3318168,64.0,1395.5,14.509804,14.509804,8040.0,3.27,38.431374,350.0,7.45098,-0.0234375,0.0,29.0,85.0,0.0,0.0,0.0,0.0,100.0,0.0,0.0,0.0,8.0,0.0,0.0,null,14.506,0.8016880750656128
1932,23011501,0,20230115132207,37.3425837,127.3316913,63.0,1395.5,14.509804,14.509804,7920.0,3.05,38.431374,350.0,6.6666665,-0.0234375,0.0,27.0,85.0,0.0,0.0,0.0,0.0,100.0,0.0,0.0,0.0,8.0,0.0,0.0,null,14.506,1.3498703241348267
1933,23011501,0,20230115132208,37.3424506,127.3315701,63.0,1365.5,14.509804,14.117647,8180.0,2.97,38.431374,350.0,6.27451,-0.0234375,0.0,27.0,85.0,0.0,0.0,0.0,0.0,100.0,0.0,0.0,0.0,8.0,0.0,0.0,null,14.506,1.833909034729004
1934,23011501,0,20230115132209,37.3423194,127.3314535,62.0,1385.5,14.509804,14.117647,8180.0,2.97,38.431374,350.0,6.27451,-0.0234375,0.0,28.0,85.0,0.0,0.0,0.0,0.0,100.0,0.0,0.0,0.0,8.0,0.0,0.0,null,14.506,0.3136567175388336
1935,23011501,0,20230115132210,37.3421878,127.3313377,62.0,1375.0,14.509804,14.117647,8490.0,2.94,38.431374,350.0,6.27451,-0.0234375,0.0,28.0,88.0,0.0,0.0,0.0,0.0,100.0,0.0,0.0,0.0,8.0,0.0,0.0,null,14.506,0.3697453439235687
1936,23011501,0,20230115132211,37.342056,127.3312221,61.0,1361.0,14.509804,14.117647,8490.0,2.97,38.431374,350.0,6.27451,-0.0234375,0.0,28.0,88.0,0.0,0.0,0.0,0.0,100.0,0.0,0.0,0.0,8.0,0.0,0.0,null,14.506,-0.196836456656456
1937,23011501,0,20230115132212,37.3419212,127.3311001,61.0,1346.0,14.509804,14.117647,8690.0,2.86,38.431374,350.0,6.27451,-0.0234375,0.0,28.0,88.0,0.0,0.0,0.0,0.0,100.0,0.0,0.0,0.0,8.0,0.0,0.0,null,14.506,-0.48467695713043213
1938,23011501,0,20230115132213,37.3417932,127.3309857,61.0,1346.0,20.392157,15.686275,8690.0,5.38,38.431374,350.0,6.27451,-0.0234375,0.0,53.0,88.0,0.0,0.0,0.0,0.0,100.0,0.0,0.0,0.0,8.0,0.0,0.0,null,14.506,-0.12648752331733704
1939,23011501,0,20230115132214,37.3416658,127.3308701,60.0,1345.5,14.509804,15.686275,7800.0,5.38,38.431374,350.0,12.156863,-0.0234375,0.0,53.0,88.0,0.0,0.0,0.0,0.0,100.0,0.0,0.0,0.0,9.0,0.0,0.0,null,14.506,0.3124866783618927
1940,23011501,0,20230115132215,37.3415418,127.3307564,60.0,1342.5,14.509804,14.117647,7800.0,5.44,38.431374,350.0,9.019608,-0.0234375,0.0,41.0,88.0,0.0,0.0,0.0,0.0,100.0,0.0,0.0,0.0,8.0,0.0,0.0,null,14.506,0.26742538809776306
1941,23011501,0,20230115132216,37.3414155,127.3306392,59.0,1313.5,14.509804,14.117647,7960.0,2.91,38.431374,350.0,6.6666665,-0.0234375,0.0,26.0,88.0,0.0,0.0,0.0,0.0,100.0,0.0,0.0,0.0,8.0,0.0,0.0,null,14.506,0.6457983255386353
1942,23011501,0,20230115132217,37.3412923,127.3305241,58.0,1275.5,14.509804,13.725491,7960.0,2.77,38.431374,350.0,6.6666665,-0.0234375,0.0,29.0,88.0,0.0,0.0,0.0,0.0,100.0,0.0,0.0,0.0,9.0,0.0,0.0,null,14.506,0.5542773008346558
1943,23011501,0,20230115132218,37.3411721,127.3304114,57.0,1275.5,14.509804,13.725491,8250.0,2.8,38.431374,350.0,6.27451,-0.0234375,0.0,29.0,88.0,0.0,0.0,0.0,0.0,100.0,0.0,0.0,0.0,9.0,0.0,0.0,null,14.506,0.02924429439008236
1944,23011501,0,20230115132219,37.3410547,127.3303018,56.0,1257.0,14.509804,13.725491,8380.0,2.63,38.431374,350.0,5.882353,-0.0234375,0.0,28.0,88.0,0.0,0.0,0.0,0.0,100.0,0.0,0.0,0.0,9.0,0.0,0.0,null,14.506,-0.19102557003498077
1945,23011501,0,20230115132220,37.3409372,127.3301922,55.0,1224.0,14.509804,13.725491,8380.0,2.63,38.431374,350.0,6.27451,-0.0234375,0.0,29.0,88.0,0.0,0.0,0.0,0.0,100.0,0.0,0.0,0.0,9.0,0.0,0.0,null,14.506,0.03890371322631836
1946,23011501,0,20230115132221,37.3408224,127.3300856,54.0,1201.0,14.509804,13.725491,8380.0,2.58,38.431374,350.0,6.27451,-0.0234375,0.0,28.0,88.0,0.0,0.0,0.0,0.0,100.0,0.0,0.0,0.0,9.0,0.0,0.0,null,14.506,0.154083713889122
1947,23011501,0,20230115132222,37.3407075,127.3299793,53.0,1170.0,14.509804,13.725491,8560.0,2.44,38.431374,350.0,6.27451,-0.0234375,0.0,29.0,87.0,0.0,0.0,0.0,0.0,100.0,0.0,0.0,0.0,9.0,0.0,0.0,null,14.506,-0.2287057787179947
1948,23011501,0,20230115132223,37.3405983,127.3298783,52.0,1349.5,14.509804,13.333333,11050.0,8.58,40.784313,350.0,6.27451,-0.0234375,0.0,88.0,87.0,0.0,0.0,0.0,0.0,100.0,0.0,0.0,0.0,9.0,0.0,0.0,null,14.506,-0.051261432468891144
1949,23011501,0,20230115132224,37.340489,127.3297776,53.0,1349.5,30.19608,28.235294,11050.0,14.58,40.784313,350.0,25.490196,-0.0234375,0.0,88.0,87.0,0.0,0.0,0.0,0.0,100.0,0.0,0.0,0.0,10.0,0.0,0.0,null,14.506,0.47866159677505493
1950,23011501,0,20230115132225,37.3403795,127.3296772,55.0,1524.5,30.19608,28.235294,15400.0,14.58,40.784313,350.0,28.62745,-0.0234375,0.0,96.0,87.0,0.0,0.0,0.0,0.0,100.0,0.0,0.0,0.0,9.0,0.0,0.0,null,14.53,-0.03956247493624687
1951,23011501,0,20230115132226,37.3402673,127.3295739,56.0,1583.5,30.19608,28.235294,15400.0,13.86,40.784313,350.0,27.843138,-0.0234375,0.0,96.0,87.0,0.0,0.0,0.0,0.0,100.0,0.0,0.0,0.0,9.0,0.0,0.0,null,14.53,-0.019655216485261917
1952,23011501,0,20230115132227,37.3401523,127.3294676,57.0,1583.5,30.19608,27.843138,14530.0,12.66,40.784313,350.0,27.843138,0.046875,0.0,88.0,87.0,0.0,0.0,0.0,0.0,100.0,0.0,0.0,0.0,8.0,0.0,0.0,null,14.53,-0.07970262318849564
1953,23011501,0,20230115132228,37.3400376,127.3293609,57.0,1603.0,14.509804,14.509804,14530.0,12.66,40.784313,350.0,19.215687,0.046875,0.0,88.0,87.0,0.0,0.0,0.0,0.0,100.0,0.0,0.0,0.0,8.0,0.0,0.0,null,14.53,-0.032812945544719696
1954,23011501,0,20230115132229,37.3399201,127.3292515,56.0,1580.0,14.509804,14.509804,14530.0,3.41,40.784313,350.0,6.27451,0.046875,0.0,24.0,87.0,0.0,0.0,0.0,0.0,100.0,0.0,0.0,0.0,8.0,0.0,0.0,null,14.53,-0.7777480483055115
1955,23011501,0,20230115132230,37.3398033,127.3291406,55.0,1544.0,17.254902,14.509804,8500.0,3.33,40.784313,350.0,6.27451,0.046875,0.0,42.0,87.0,0.0,0.0,0.0,0.0,100.0,0.0,0.0,0.0,8.0,0.0,0.0,null,14.53,-2.5975089073181152
1956,23011501,0,20230115132231,37.3396959,127.3290226,55.0,1544.0,17.254902,19.215687,12650.0,12.94,40.784313,350.0,11.764706,0.046875,0.0,42.0,87.0,0.0,0.0,0.0,0.0,100.0,0.0,0.0,0.0,8.0,0.0,0.0,null,14.53,-3.8855531215667725
1957,23011501,0,20230115132232,37.3396026,127.3288932,56.0,1649.5,30.980392,30.980392,12650.0,12.94,40.784313,350.0,29.411764,0.046875,0.0,97.0,87.0,0.0,0.0,0.0,0.0,100.0,0.0,0.0,0.0,9.0,0.0,0.0,null,14.53,-3.5531139373779297
1958,23011501,0,20230115132233,37.3395197,127.3287475,57.0,1331.5,30.980392,30.980392,12650.0,15.02,40.784313,350.0,30.588236,0.046875,0.0,97.0,87.0,0.0,0.0,0.0,0.0,100.0,0.0,0.0,0.0,8.0,0.0,0.0,null,14.53,-2.8287336826324463
1959,23011501,0,20230115132234,37.3394454,127.3285895,58.0,1331.5,18.82353,30.980392,15620.0,13.66,40.784313,350.0,30.588236,0.046875,0.0,87.0,87.0,0.0,0.0,0.0,0.0,100.0,0.0,0.0,0.0,8.0,0.0,0.0,null,14.53,-2.5203378200531006
1960,23011501,0,20230115132235,37.3393799,127.3284205,57.0,1325.5,18.82353,14.90196,8250.0,13.66,40.784313,350.0,15.686275,0.046875,0.0,87.0,87.0,0.0,0.0,0.0,0.0,100.0,0.0,0.0,0.0,8.0,0.0,0.0,null,14.53,-3.8305890560150146
1961,23011501,0,20230115132236,37.3393303,127.328248,56.0,1253.0,17.647058,14.90196,8250.0,2.63,40.784313,350.0,6.6666665,0.046875,0.0,25.0,87.0,0.0,0.0,0.0,0.0,100.0,0.0,0.0,0.0,8.0,0.0,0.0,null,14.53,-4.114725589752197
1962,23011501,0,20230115132237,37.3392981,127.3280691,55.0,1234.5,17.647058,14.90196,8250.0,3.8,40.784313,350.0,6.6666665,0.046875,0.0,46.0,87.0,0.0,0.0,0.0,0.0,100.0,0.0,0.0,0.0,8.0,0.0,0.0,null,14.53,-3.9109668731689453
1963,23011501,0,20230115132238,37.3392834,127.3278912,56.0,1234.5,27.058823,14.90196,9380.0,3.8,40.784313,350.0,12.156863,0.046875,0.0,46.0,87.0,0.0,0.0,0.0,0.0,100.0,0.0,0.0,0.0,8.0,0.0,0.0,null,14.53,-3.3670737743377686
1964,23011501,0,20230115132239,37.3392836,127.3277122,56.0,1319.5,27.058823,25.882353,9380.0,8.66,40.784313,350.0,23.529411,0.046875,0.0,93.0,87.0,0.0,0.0,0.0,0.0,100.0,0.0,0.0,0.0,9.0,0.0,0.0,null,14.53,-2.22432804107666
1965,23011501,0,20230115132240,37.3392973,127.3275296,56.0,1324.0,27.058823,25.882353,12940.0,10.08,40.784313,350.0,23.921568,0.046875,0.0,95.0,87.0,0.0,0.0,0.0,0.0,100.0,0.0,0.0,0.0,9.0,0.0,0.0,null,14.53,-2.099909543991089
1966,23011501,0,20230115132241,37.3393145,127.3273488,56.0,1322.0,28.235294,25.490196,12940.0,10.27,40.784313,350.0,25.09804,0.046875,0.0,96.0,87.0,0.0,0.0,0.0,0.0,100.0,0.0,0.0,0.0,9.0,0.0,0.0,null,14.53,-0.8431979417800903
1967,23011501,0,20230115132242,37.3393453,127.327174,55.0,1233.5,14.509804,25.490196,9430.0,4.27,40.784313,350.0,25.09804,0.046875,0.0,37.0,87.0,0.0,0.0,0.0,0.0,100.0,0.0,0.0,0.0,8.0,0.0,0.0,null,14.53,-0.1659650057554245
1968,23011501,0,20230115132243,37.3393766,127.3269993,54.0,1233.5,14.509804,13.725491,7960.0,2.61,40.784313,350.0,7.45098,0.046875,0.0,27.0,87.0,0.0,0.0,0.0,0.0,100.0,0.0,0.0,0.0,8.0,0.0,0.0,null,14.53,0.8528825044631958
1969,23011501,0,20230115132244,37.3394041,127.3268282,52.0,1167.5,14.509804,13.333333,7960.0,2.61,40.784313,350.0,6.27451,0.046875,0.0,27.0,87.0,0.0,0.0,0.0,0.0,100.0,0.0,0.0,0.0,8.0,0.0,0.0,null,14.53,4.614562511444092
1970,23011501,0,20230115132245,37.3394191,127.3266594,50.0,1148.5,14.509804,13.333333,8310.0,2.41,40.784313,350.0,5.882353,0.046875,0.0,29.0,87.0,0.0,0.0,0.0,0.0,100.0,0.0,0.0,0.0,9.0,0.0,0.0,null,14.53,5.303051948547363
1971,23011501,0,20230115132246,37.3394139,127.3264942,49.0,1371.5,20.392157,13.333333,8310.0,5.5,40.784313,350.0,11.372549,0.046875,0.0,48.0,89.0,0.0,0.0,0.0,0.0,100.0,0.0,0.0,0.0,9.0,0.0,0.0,null,14.53,5.92004919052124
1972,23011501,0,20230115132247,37.3393853,127.3263421,49.0,1371.5,20.392157,17.254902,11500.0,9.77,39.60784,350.0,11.372549,0.046875,0.0,93.0,89.0,0.0,0.0,0.0,0.0,100.0,0.0,0.0,0.0,9.0,0.0,0.0,null,14.53,4.908066749572754
1973,23011501,0,20230115132248,37.3393369,127.3261978,49.0,1430.0,26.666666,22.745098,11500.0,7.91,39.60784,350.0,22.352942,0.046875,0.0,93.0,89.0,0.0,0.0,0.0,0.0,100.0,0.0,0.0,0.0,9.0,0.0,0.0,null,14.53,1.599653720855713
1974,23011501,0,20230115132249,37.3392811,127.3260579,49.0,1393.5,26.666666,22.745098,8000.0,7.91,39.60784,350.0,11.764706,0.046875,0.0,63.0,89.0,0.0,0.0,0.0,0.0,100.0,0.0,0.0,0.0,9.0,0.0,0.0,null,14.53,0.7176764011383057
1975,23011501,0,20230115132250,37.3392225,127.3259196,48.0,1393.5,14.509804,22.745098,8000.0,2.94,39.60784,350.0,10.980392,0.046875,0.0,32.0,89.0,0.0,0.0,0.0,0.0,100.0,0.0,0.0,0.0,9.0,0.0,0.0,null,14.436,-0.10776912420988083
1976,23011501,0,20230115132251,37.339163,127.3257769,49.0,1374.0,14.509804,18.039215,8670.0,8.88,39.60784,350.0,10.980392,0.0,0.0,75.0,89.0,0.0,0.0,0.0,0.0,100.0,0.0,0.0,0.0,9.0,0.0,0.0,null,14.436,-0.21677152812480927
1977,23011501,0,20230115132252,37.3391089,127.3256358,49.0,1374.0,16.078432,14.117647,8670.0,2.97,39.60784,350.0,14.509804,0.0,0.0,75.0,89.0,0.0,0.0,0.0,0.0,100.0,0.0,0.0,0.0,9.0,0.0,0.0,null,14.436,-0.7838321924209595
1978,23011501,0,20230115132253,37.3390562,127.3254938,48.0,1349.0,16.078432,14.117647,8030.0,2.97,39.60784,350.0,6.27451,0.0,0.0,25.0,89.0,0.0,0.0,0.0,0.0,100.0,0.0,0.0,0.0,9.0,0.0,0.0,null,14.436,0.40999525785446167
1979,23011501,0,20230115132254,37.3390049,127.325356,47.0,1302.5,16.862745,14.117647,8030.0,2.86,39.60784,350.0,6.27451,0.0,0.0,28.0,89.0,0.0,0.0,0.0,0.0,100.0,0.0,0.0,0.0,9.0,0.0,0.0,null,14.436,-0.15897414088249207
1980,23011501,0,20230115132255,37.3389532,127.3252185,45.0,1278.0,16.862745,13.725491,8180.0,2.75,39.60784,350.0,6.27451,0.0,0.0,28.0,89.0,0.0,0.0,0.0,0.0,100.0,0.0,0.0,0.0,9.0,0.0,0.0,null,14.436,0.35118457674980164
1981,23011501,0,20230115132256,37.3389027,127.3250851,44.0,1248.0,14.509804,13.725491,8180.0,2.69,39.60784,350.0,6.27451,0.0,0.0,28.0,89.0,0.0,0.0,0.0,0.0,100.0,0.0,0.0,0.0,9.0,0.0,0.0,null,14.436,0.11170647293329239
1982,23011501,0,20230115132257,37.3388519,127.324952,42.0,1248.0,14.509804,13.725491,8320.0,2.61,39.60784,350.0,6.27451,0.0,0.0,28.0,88.0,0.0,0.0,0.0,0.0,100.0,0.0,0.0,0.0,10.0,0.0,0.0,null,14.436,-0.10659059882164001
1983,23011501,0,20230115132258,37.3388038,127.3248271,38.0,1178.0,14.509804,13.725491,8420.0,2.61,39.60784,350.0,5.882353,0.0,0.0,28.0,88.0,0.0,0.0,0.0,0.0,100.0,0.0,0.0,0.0,10.0,0.0,0.0,null,14.436,0.04405877739191055
1984,23011501,0,20230115132259,37.338757,127.3247065,35.0,1254.5,14.509804,13.725491,8420.0,2.75,39.60784,350.0,5.882353,0.0,0.0,28.0,88.0,0.0,0.0,0.0,0.0,100.0,0.0,0.0,0.0,10.0,0.0,0.0,null,14.436,0.13929352164268494
1985,23011501,0,20230115132300,37.3387165,127.3246019,34.0,1357.0,14.509804,14.117647,8420.0,2.97,39.60784,350.0,5.882353,0.0,0.0,28.0,88.0,0.0,0.0,0.0,0.0,100.0,0.0,0.0,0.0,10.0,0.0,0.0,null,14.436,-0.15732906758785248
1986,23011501,0,20230115132301,37.3386762,127.3244972,32.0,1357.0,14.509804,14.117647,8540.0,2.66,39.60784,350.0,6.27451,0.0,0.0,28.0,88.0,0.0,0.0,0.0,0.0,100.0,0.0,0.0,0.0,10.0,0.0,0.0,null,14.436,-0.15671831369400024
1987,23011501,0,20230115132302,37.3386319,127.3244084,30.0,1262.0,14.509804,13.725491,8620.0,2.66,39.60784,350.0,6.27451,0.0,0.0,28.0,88.0,0.0,0.0,0.0,0.0,100.0,0.0,0.0,0.0,10.0,0.0,0.0,null,14.436,-0.6001738905906677
1988,23011501,0,20230115132303,37.338597,127.3243154,29.0,1187.0,25.490196,13.725491,8620.0,2.66,39.60784,350.0,6.27451,0.0,0.0,28.0,88.0,0.0,0.0,0.0,0.0,100.0,0.0,0.0,0.0,10.0,0.0,0.0,null,14.436,-0.3769668936729431
1989,23011501,0,20230115132304,37.3385637,127.3242264,29.0,1245.5,25.490196,18.82353,8620.0,9.77,39.60784,350.0,28.235294,0.0,0.0,93.0,88.0,0.0,0.0,0.0,0.0,100.0,0.0,0.0,0.0,11.0,0.0,0.0,null,14.436,0.30580979585647583
1990,23011501,0,20230115132305,37.3385329,127.3241458,32.0,1675.5,31.764706,18.82353,15250.0,13.44,39.60784,350.0,28.235294,0.0,0.0,96.0,88.0,0.0,0.0,0.0,0.0,100.0,0.0,0.0,0.0,11.0,0.0,0.0,null,14.436,0.20199547708034515
1991,23011501,0,20230115132306,37.3384987,127.3240574,34.0,1675.5,31.764706,28.235294,13580.0,11.13,39.60784,350.0,34.117645,0.0,0.0,81.0,88.0,0.0,0.0,0.0,0.0,100.0,0.0,0.0,0.0,10.0,0.0,0.0,null,14.436,0.18505582213401794
1992,23011501,0,20230115132307,37.3384625,127.3239651,34.0,1761.5,20.392157,16.862745,13580.0,11.13,39.60784,350.0,14.90196,0.0,0.0,81.0,88.0,0.0,0.0,0.0,0.0,100.0,0.0,0.0,0.0,9.0,0.0,0.0,null,14.436,-0.25980377197265625
1993,23011501,0,20230115132308,37.3384229,127.323865,34.0,1778.5,20.392157,16.862745,9050.0,6.38,39.60784,350.0,14.117647,0.0,0.0,48.0,87.0,0.0,0.0,0.0,0.0,100.0,0.0,0.0,0.0,9.0,0.0,0.0,null,14.436,-0.26648327708244324
1994,23011501,0,20230115132309,37.3383854,127.3237686,34.0,1374.5,23.921568,16.862745,9050.0,8.47,39.60784,350.0,14.509804,0.0,0.0,73.0,87.0,0.0,0.0,0.0,0.0,100.0,0.0,0.0,0.0,9.0,0.0,0.0,null,14.436,-0.5852938890457153
1995,23011501,0,20230115132310,37.3383473,127.3236675,33.0,1334.5,23.921568,14.90196,7950.0,3.41,41.17647,350.0,14.509804,0.0,0.0,27.0,87.0,0.0,0.0,0.0,0.0,100.0,0.0,0.0,0.0,9.0,0.0,0.0,null,14.436,-0.668293833732605
1996,23011501,0,20230115132311,37.3383121,127.3235698,32.0,1334.5,15.686275,14.117647,7950.0,2.86,41.17647,350.0,6.6666665,0.0,0.0,27.0,87.0,0.0,0.0,0.0,0.0,100.0,0.0,0.0,0.0,9.0,0.0,0.0,null,14.436,-0.4903285801410675
1997,23011501,0,20230115132312,37.3382782,127.3234713,28.0,1235.5,15.686275,14.117647,8070.0,2.86,41.17647,350.0,6.6666665,0.0,0.0,27.0,87.0,0.0,0.0,0.0,0.0,100.0,0.0,0.0,0.0,9.0,0.0,0.0,null,14.436,-1.387463927268982
1998,23011501,0,20230115132313,37.3382495,127.3233798,20.0,897.5,14.509804,14.117647,8070.0,2.16,41.17647,350.0,5.882353,0.0,0.0,29.0,87.0,0.0,0.0,0.0,0.0,100.0,0.0,0.0,0.0,9.0,0.0,0.0,null,14.459,-1.4458287954330444
1999,23011501,0,20230115132314,37.3382283,127.3233039,12.0,868.0,14.509804,12.54902,8170.0,2.05,41.17647,350.0,5.882353,0.0,0.0,47.0,87.0,0.0,0.0,0.0,0.0,100.0,0.0,0.0,0.0,10.0,0.0,0.0,null,14.459,-1.397499918937683
2000,23011501,0,20230115132315,37.3382157,127.3232527,11.0,868.0,14.509804,14.117647,8170.0,3.44,41.17647,350.0,15.294118,0.0,0.0,47.0,87.0,0.0,0.0,0.0,0.0,100.0,0.0,0.0,0.0,10.0,0.0,0.0,null,14.459,-0.9366202354431152
2001,23011501,0,20230115132316,37.3382075,127.3232138,7.0,777.0,14.509804,14.117647,7830.0,3.44,41.17647,350.0,14.117647,0.0,0.0,47.0,87.0,0.0,0.0,0.0,0.0,100.0,0.0,0.0,0.0,10.0,0.0,0.0,null,14.459,-3.0922398567199707
2002,23011501,0,20230115132317,37.3382032,127.323183,6.0,730.0,14.509804,14.117647,7830.0,2.66,41.17647,350.0,14.90196,0.0,0.0,47.0,87.0,0.0,0.0,0.0,0.0,100.0,0.0,0.0,0.0,10.0,0.0,0.0,null,14.459,-3.144284725189209
2003,23011501,0,20230115132318,37.3381949,127.3231683,8.0,1163.5,14.509804,16.470589,8310.0,5.88,41.17647,350.0,14.90196,0.0,0.0,67.0,87.0,0.0,0.0,0.0,0.0,100.0,0.0,0.0,0.0,11.0,0.0,0.0,null,14.459,-2.4738309383392334
2004,23011501,0,20230115132319,37.3381951,127.323146,10.0,1163.5,29.411764,16.470589,8310.0,6.77,41.17647,350.0,15.686275,0.0,0.0,67.0,87.0,0.0,0.0,0.0,0.0,100.0,0.0,0.0,0.0,11.0,0.0,0.0,null,14.459,1.0314050912857056
2005,23011501,0,20230115132320,37.3381951,127.3231146,14.0,1367.5,29.411764,16.470589,12510.0,6.77,41.17647,350.0,15.686275,0.0,0.0,84.0,88.0,0.0,0.0,0.0,0.0,100.0,0.0,0.0,0.0,10.0,0.0,0.0,null,14.459,3.522643804550171
2006,23011501,0,20230115132321,37.338192,127.3230792,18.0,1538.5,26.27451,16.470589,12510.0,14.19,41.17647,350.0,28.62745,0.0,0.0,96.0,88.0,0.0,0.0,0.0,0.0,100.0,0.0,0.0,0.0,10.0,0.0,0.0,null,14.459,2.324765205383301
2007,23011501,0,20230115132322,37.3381856,127.3230353,22.0,1877.0,26.27451,27.843138,17880.0,18.61,41.17647,350.0,41.17647,0.0,0.0,96.0,88.0,0.0,0.0,0.0,0.0,100.0,0.0,0.0,0.0,10.0,0.0,0.0,null,14.459,1.6613199710845947
2008,23011501,0,20230115132323,37.338174,127.3229744,26.0,1877.0,38.039215,38.82353,17880.0,23.88,41.17647,350.0,41.17647,0.0,0.0,96.0,88.0,0.0,0.0,0.0,0.0,100.0,0.0,0.0,0.0,9.0,0.0,0.0,null,14.459,-0.15134988725185394
2009,23011501,0,20230115132324,37.3381601,127.3229051,32.0,1537.0,40.0,38.82353,27820.0,23.88,41.17647,350.0,50.588234,0.0,0.0,110.0,88.0,0.0,0.0,0.0,0.0,100.0,0.0,0.0,0.0,8.0,0.0,0.0,null,14.459,-0.8474490642547607
2010,23011501,0,20230115132325,37.3381448,127.3228178,38.0,1820.0,40.0,63.52941,27820.0,29.86,41.17647,350.0,58.431374,0.0,0.0,119.0,88.0,0.0,0.0,0.0,0.0,100.0,0.0,0.0,0.0,8.0,0.0,0.0,null,14.459,-1.2185553312301636
2011,23011501,0,20230115132326,37.3381276,127.3227082,43.0,2110.0,38.039215,63.52941,31820.0,38.3,41.17647,350.0,57.64706,0.0,0.0,120.0,88.0,0.0,0.0,0.0,0.0,100.0,0.0,0.0,0.0,8.0,0.0,0.0,null,14.459,-0.15544264018535614
2012,23011501,0,20230115132327,37.3381089,127.3225852,48.0,1999.0,38.039215,55.294117,31820.0,41.88,41.17647,350.0,57.2549,0.0,0.0,121.0,88.0,0.0,0.0,0.0,0.0,100.0,0.0,0.0,0.0,7.0,0.0,0.0,null,14.459,0.13899633288383484
2013,23011501,0,20230115132328,37.3380882,127.3224446,52.0,2092.5,38.039215,55.294117,31630.0,36.0,41.17647,350.0,57.2549,0.0,0.0,118.0,88.0,0.0,0.0,0.0,0.0,100.0,0.0,0.0,0.0,7.0,0.0,0.0,null,14.459,0.3059155344963074
2014,23011501,0,20230115132329,37.3380631,127.3222868,56.0,2173.5,38.039215,38.82353,26230.0,30.55,41.17647,350.0,32.54902,0.0,0.0,94.0,88.0,0.0,0.0,0.0,0.0,100.0,0.0,0.0,0.0,7.0,0.0,0.0,null,14.459,1.1977250576019287
2015,23011501,0,20230115132330,37.3380314,127.3221216,57.0,1942.5,29.019608,25.09804,26230.0,15.83,41.17647,350.0,28.235294,0.0,0.0,94.0,88.0,0.0,0.0,0.0,0.0,100.0,0.0,0.0,0.0,7.0,0.0,0.0,null,14.459,1.2815968990325928
2016,23011501,0,20230115132331,37.3379926,127.3219493,58.0,1864.0,29.80392,25.09804,16490.0,17.16,41.17647,350.0,28.235294,0.0,0.0,96.0,90.0,0.0,0.0,0.0,0.0,100.0,0.0,0.0,0.0,7.0,0.0,0.0,null,14.459,0.98834228515625
2017,23011501,0,20230115132332,37.337949,127.3217743,59.0,1864.0,29.80392,26.27451,15100.0,13.19,40.0,350.0,30.19608,0.0,0.0,96.0,90.0,0.0,0.0,0.0,0.0,100.0,0.0,0.0,0.0,7.0,0.0,0.0,null,14.459,0.6860945820808411
2018,23011501,0,20230115132333,37.3379007,127.3215964,60.0,1666.5,27.843138,26.666666,15100.0,13.83,40.0,350.0,26.27451,0.0,0.0,96.0,90.0,0.0,0.0,0.0,0.0,100.0,0.0,0.0,0.0,7.0,0.0,0.0,null,14.459,1.8948925733566284
2019,23011501,0,20230115132334,37.3378453,127.321417,59.0,1567.0,27.843138,26.666666,9900.0,13.83,40.0,350.0,23.529411,0.0,0.0,95.0,90.0,0.0,0.0,0.0,0.0,100.0,0.0,0.0,0.0,7.0,0.0,0.0,null,14.553,2.335843801498413
2020,23011501,0,20230115132335,37.3377817,127.3212419,58.0,1293.0,14.509804,14.117647,9900.0,4.27,40.0,350.0,7.8431373,0.0,0.0,36.0,90.0,0.0,0.0,0.0,0.0,100.0,0.0,0.0,0.0,7.0,0.0,0.0,null,14.553,2.230809211730957
2021,23011501,0,20230115132336,37.3377116,127.3210757,56.0,1253.5,14.509804,14.117647,8000.0,2.97,40.0,350.0,6.6666665,-0.0546875,0.0,27.0,90.0,0.0,0.0,0.0,0.0,100.0,0.0,0.0,0.0,7.0,0.0,0.0,null,14.553,1.9158220291137695
2022,23011501,0,20230115132337,37.3376368,127.3209178,56.0,1391.0,31.764706,25.882353,8000.0,12.16,40.0,350.0,6.6666665,-0.0546875,0.0,100.0,90.0,0.0,0.0,0.0,0.0,100.0,0.0,0.0,0.0,8.0,0.0,0.0,null,14.553,0.8257714509963989
2023,23011501,0,20230115132338,37.3375595,127.3207674,57.0,1391.0,36.47059,25.882353,21040.0,30.88,40.0,350.0,45.882355,-0.0546875,0.0,100.0,90.0,0.0,-0.0078125,0.0,0.0,100.0,0.0,0.0,0.0,8.0,0.0,0.0,null,14.553,1.1121139526367188
2024,23011501,0,20230115132339,37.3374779,127.3206206,59.0,1712.0,36.47059,43.52941,21040.0,30.88,40.0,350.0,50.588234,-0.0546875,0.0,112.0,90.0,0.0,-0.0078125,0.0,0.0,100.0,0.0,0.0,0.0,7.0,0.0,0.0,null,14.553,1.616825819015503
2025,23011501,0,20230115132340,37.337386,127.320472,61.0,1684.5,30.19608,43.52941,24930.0,26.19,40.0,350.0,43.52941,-0.0546875,0.0,105.0,90.0,0.0,-0.0078125,0.0,0.0,100.0,0.0,0.0,0.0,7.0,0.0,0.0,null,14.553,0.9001553058624268
2026,23011501,0,20230115132341,37.3372898,127.3203277,62.0,1733.0,30.19608,30.588236,24930.0,20.13,40.0,350.0,17.254902,-0.0546875,0.0,91.0,90.0,0.0,-0.0078125,0.0,0.0,100.0,0.0,0.0,0.0,7.0,0.0,0.0,null,14.553,0.09689771384000778
2027,23011501,0,20230115132342,37.3371881,127.3201775,62.0,1379.5,21.960785,30.588236,13640.0,6.91,40.0,350.0,17.254902,-0.0546875,0.0,63.0,93.0,0.0,-0.0078125,0.0,0.0,100.0,0.0,0.0,0.0,7.0,0.0,0.0,null,14.553,-0.6038845181465149
2028,23011501,0,20230115132343,37.3370749,127.3200217,62.0,1379.5,21.960785,16.862745,8120.0,6.3,40.0,350.0,13.725491,-0.0546875,0.0,65.0,93.0,0.0,-0.0078125,0.0,0.0,100.0,0.0,0.0,0.0,7.0,0.0,0.0,null,14.553,-1.2126938104629517
2029,23011501,0,20230115132344,37.3369693,127.3198697,63.0,1379.0,29.019608,27.058823,8120.0,11.8,40.0,350.0,13.333333,-0.0546875,0.0,65.0,93.0,0.0,-0.0078125,0.0,0.0,100.0,0.0,0.0,0.0,7.0,0.0,0.0,null,14.553,-0.3371272087097168
2030,23011501,0,20230115132345,37.3368655,127.3197216,63.0,1406.5,29.019608,27.058823,13360.0,11.8,40.0,350.0,26.27451,-0.0546875,0.0,95.0,93.0,0.0,-0.0078125,0.0,0.0,100.0,0.0,0.0,0.0,8.0,0.0,0.0,null,14.553,-0.014403751119971275
2031,23011501,0,20230115132346,37.3367571,127.3195666,63.0,1394.5,14.509804,14.509804,13360.0,10.86,40.0,350.0,12.156863,-0.0546875,0.0,70.0,93.0,0.0,-0.0078125,0.0,0.0,100.0,0.0,0.0,0.0,7.0,0.0,0.0,null,14.553,0.2971327304840088
2032,23011501,0,20230115132347,37.336651,127.319415,61.0,1372.5,14.509804,14.509804,8140.0,3.19,40.0,350.0,6.27451,-0.0546875,0.0,26.0,93.0,0.0,-0.0078125,0.0,0.0,100.0,0.0,0.0,0.0,7.0,0.0,0.0,null,14.553,0.2908278703689575
2033,23011501,0,20230115132348,37.3365447,127.3192637,60.0,1307.0,14.509804,14.117647,8140.0,2.91,40.0,350.0,6.27451,-0.0546875,0.0,28.0,93.0,0.0,-0.0078125,0.0,0.0,100.0,0.0,0.0,0.0,8.0,0.0,0.0,null,14.553,-0.6669692993164062
2034,23011501,0,20230115132349,37.3364427,127.3191137,59.0,1296.0,14.509804,14.117647,8300.0,2.8,40.0,350.0,6.27451,-0.0546875,0.0,28.0,93.0,0.0,-0.0078125,0.0,0.0,100.0,0.0,0.0,0.0,8.0,0.0,0.0,null,14.553,-2.2504913806915283
2035,23011501,0,20230115132350,37.3363515,127.3189642,57.0,1261.5,14.509804,13.725491,8500.0,2.77,40.0,350.0,6.27451,-0.0546875,0.0,29.0,93.0,0.0,-0.0078125,0.0,0.0,100.0,0.0,0.0,0.0,8.0,0.0,0.0,null,14.553,-2.2267675399780273
2036,23011501,0,20230115132351,37.3362699,127.3188064,56.0,1261.5,14.509804,13.725491,8500.0,2.61,40.0,350.0,6.27451,-0.0546875,0.0,29.0,93.0,0.0,-0.0078125,0.0,0.0,100.0,0.0,0.0,0.0,8.0,0.0,0.0,null,14.553,-1.2457681894302368
2037,23011501,0,20230115132352,37.3361962,127.3186478,54.0,1238.0,14.509804,13.725491,8770.0,2.61,40.0,350.0,6.27451,-0.0546875,0.0,29.0,93.0,0.0,-0.0078125,0.0,0.0,100.0,0.0,0.0,0.0,8.0,0.0,0.0,null,14.553,-0.22259420156478882
2038,23011501,0,20230115132353,37.3361272,127.318491,53.0,1194.0,14.509804,13.725491,8770.0,2.52,40.0,350.0,6.27451,-0.0546875,0.0,29.0,93.0,0.0,-0.0078125,0.0,0.0,100.0,0.0,0.0,0.0,8.0,0.0,0.0,null,14.553,-0.14333850145339966
2039,23011501,0,20230115132354,37.3360612,127.3183373,52.0,1157.5,14.509804,13.725491,8950.0,2.47,41.17647,350.0,6.27451,-0.0546875,0.0,29.0,93.0,0.0,-0.0078125,0.0,0.0,100.0,0.0,0.0,0.0,8.0,0.0,0.0,null,14.553,-0.1266760379076004
2040,23011501,0,20230115132355,37.3359965,127.3181878,52.0,1754.0,31.37255,29.019608,8950.0,20.19,41.17647,350.0,6.27451,-0.0546875,0.0,103.0,93.0,0.0,-0.0078125,0.0,0.0,100.0,0.0,0.0,0.0,8.0,0.0,0.0,null,14.553,-0.7666956186294556
2041,23011501,0,20230115132356,37.3359323,127.318043,53.0,1754.0,29.019608,29.019608,14950.0,20.19,41.17647,350.0,38.82353,-0.0546875,0.0,103.0,93.0,0.0,-0.0078125,0.0,0.0,100.0,0.0,0.0,0.0,8.0,0.0,0.0,null,14.412,0.6886366009712219
2042,23011501,0,20230115132357,37.3358611,127.3178983,54.0,1559.5,29.019608,20.784313,14950.0,12.36,41.17647,350.0,21.568628,-0.0546875,0.0,95.0,93.0,0.0,-0.0078125,0.0,0.0,100.0,0.0,0.0,0.0,8.0,0.0,0.0,null,14.412,-0.6538946032524109
2043,23011501,0,20230115132358,37.3357858,127.3177514,54.0,1596.0,29.019608,20.784313,7990.0,7.36,41.17647,350.0,12.54902,0.046875,0.0,58.0,93.0,0.0,-0.0078125,0.0,0.0,100.0,0.0,0.0,0.0,8.0,0.0,0.0,null,14.412,0.22722694277763367
2044,23011501,0,20230115132359,37.3357091,127.3176058,52.0,1488.0,14.509804,14.509804,7990.0,3.66,41.17647,350.0,6.27451,0.046875,0.0,25.0,93.0,0.0,-0.0078125,0.0,0.0,100.0,0.0,0.0,0.0,8.0,0.0,0.0,null,14.412,0.14116695523262024
2045,23011501,0,20230115132400,37.3356325,127.3174653,51.0,1410.5,14.509804,14.509804,8030.0,3.05,41.17647,350.0,6.27451,0.046875,0.0,28.0,93.0,0.0,-0.0078125,0.0,0.0,100.0,0.0,0.0,0.0,8.0,0.0,0.0,null,14.412,-0.22331026196479797
2046,23011501,0,20230115132401,37.3355562,127.3173247,50.0,1410.5,14.509804,14.117647,8250.0,3.02,41.17647,350.0,6.27451,0.046875,0.0,28.0,93.0,0.0,-0.0078125,0.0,0.0,100.0,0.0,0.0,0.0,8.0,0.0,0.0,null,14.412,0.40103983879089355
2047,23011501,0,20230115132402,37.3354778,127.3171827,49.0,1391.5,14.509804,14.117647,8250.0,3.02,41.17647,350.0,6.27451,0.046875,0.0,28.0,93.0,0.0,-0.0078125,0.0,0.0,100.0,0.0,0.0,0.0,8.0,0.0,0.0,null,14.412,0.5315795540809631
2048,23011501,0,20230115132403,37.3354047,127.3170502,47.0,1343.0,14.509804,14.117647,8250.0,2.91,41.17647,350.0,6.27451,0.046875,0.0,28.0,93.0,0.0,-0.0078125,0.0,0.0,100.0,0.0,0.0,0.0,8.0,0.0,0.0,null,14.412,-0.16047221422195435
2049,23011501,0,20230115132404,37.3353339,127.3169212,46.0,1291.0,14.509804,14.117647,8480.0,2.86,41.17647,350.0,6.27451,0.046875,0.0,28.0,91.0,0.0,-0.0078125,0.0,0.0,100.0,0.0,0.0,0.0,8.0,0.0,0.0,null,14.412,0.18049120903015137
2050,23011501,0,20230115132405,37.3352673,127.3167995,45.0,1243.5,14.509804,13.725491,8600.0,2.72,41.17647,350.0,6.27451,0.046875,0.0,29.0,91.0,0.0,-0.0078125,0.0,0.0,100.0,0.0,0.0,0.0,8.0,0.0,0.0,null,14.412,0.1703883856534958
2051,23011501,0,20230115132406,37.3352006,127.3166778,44.0,1243.5,22.352942,15.686275,8600.0,2.72,41.17647,350.0,7.0588236,0.046875,0.0,29.0,91.0,0.0,-0.0078125,0.0,0.0,100.0,0.0,0.0,0.0,9.0,0.0,0.0,null,14.412,0.27238577604293823
2052,23011501,0,20230115132407,37.3351358,127.3165599,44.0,1237.0,22.352942,15.686275,8600.0,5.25,41.17647,350.0,12.941176,0.046875,0.0,58.0,91.0,0.0,-0.0078125,0.0,0.0,100.0,0.0,0.0,0.0,9.0,0.0,0.0,null,14.412,-0.21455560624599457
2053,23011501,0,20230115132408,37.335071,127.3164421,44.0,1224.5,22.745098,15.686275,7940.0,5.38,41.17647,350.0,12.941176,0.046875,0.0,60.0,91.0,0.0,-0.0078125,0.0,0.0,100.0,0.0,0.0,0.0,9.0,0.0,0.0,null,14.412,-0.059780120849609375
2054,23011501,0,20230115132409,37.335008,127.3163282,44.0,1211.5,22.745098,16.078432,7830.0,5.3,41.17647,350.0,13.333333,0.046875,0.0,54.0,91.0,0.0,-0.0078125,0.0,0.0,100.0,0.0,0.0,0.0,9.0,0.0,0.0,null,14.412,0.05348723754286766
2055,23011501,0,20230115132410,37.334945,127.3162142,43.0,1211.5,14.509804,13.725491,7830.0,2.91,41.17647,350.0,12.54902,0.046875,0.0,54.0,91.0,0.0,-0.0078125,0.0,0.0,100.0,0.0,0.0,0.0,9.0,0.0,0.0,null,14.412,0.4405559301376343
2056,23011501,0,20230115132411,37.3348799,127.3160966,41.0,1193.0,14.509804,13.725491,8060.0,2.91,41.17647,350.0,6.6666665,0.046875,0.0,27.0,91.0,0.0,-0.0078125,0.0,0.0,100.0,0.0,0.0,0.0,9.0,0.0,0.0,null,14.412,-0.6871888041496277
2057,23011501,0,20230115132412,37.3348197,127.3159857,40.0,1127.0,14.509804,13.725491,8060.0,2.5,41.17647,350.0,7.8431373,0.046875,0.0,29.0,91.0,0.0,-0.0078125,0.0,0.0,100.0,0.0,0.0,0.0,9.0,0.0,0.0,null,14.412,-2.361311197280884
2058,23011501,0,20230115132413,37.3347651,127.3158702,40.0,1373.5,14.509804,15.686275,9900.0,7.86,41.17647,350.0,22.745098,0.046875,0.0,86.0,91.0,0.0,-0.0078125,0.0,0.0,100.0,0.0,0.0,0.0,9.0,0.0,0.0,null,14.412,-2.3050711154937744
2059,23011501,0,20230115132414,37.3347194,127.315754,42.0,1455.0,32.941177,31.37255,9900.0,16.52,41.17647,350.0,22.745098,0.046875,0.0,96.0,91.0,0.0,-0.0078125,0.0,0.0,100.0,0.0,0.0,0.0,9.0,0.0,0.0,null,14.412,-1.7465922832489014
2060,23011501,0,20230115132415,37.3346794,127.3156344,45.0,1455.0,33.72549,31.37255,18650.0,19.88,41.17647,350.0,37.2549,0.046875,0.0,96.0,90.0,0.0,-0.0078125,0.0,0.0,100.0,0.0,0.0,0.0,9.0,0.0,0.0,null,14.412,-0.9275485277175903
2061,23011501,0,20230115132416,37.3346397,127.315505,46.0,1553.0,33.72549,22.745098,18650.0,19.88,41.960785,350.0,38.431374,0.046875,0.0,98.0,90.0,0.0,-0.0078125,0.0,0.0,100.0,0.0,0.0,0.0,8.0,0.0,0.0,null,14.412,-0.42420297861099243
2062,23011501,0,20230115132417,37.3345989,127.3153666,45.0,1560.5,14.509804,22.745098,11920.0,7.97,41.960785,350.0,8.627451,0.046875,0.0,47.0,90.0,0.0,-0.0078125,0.0,0.0,100.0,0.0,0.0,0.0,8.0,0.0,0.0,null,14.412,-0.018883757293224335
2063,23011501,0,20230115132418,37.3345597,127.3152321,44.0,1481.5,14.509804,14.509804,11920.0,3.08,41.960785,350.0,6.27451,0.046875,0.0,27.0,90.0,0.0,-0.0078125,0.0,0.0,100.0,0.0,0.0,0.0,8.0,0.0,0.0,null,14.412,0.3576430678367615
2064,23011501,0,20230115132419,37.3345208,127.3150975,42.0,1444.5,14.509804,14.509804,9020.0,3.08,41.960785,350.0,6.27451,0.046875,0.0,28.0,90.0,0.0,-0.0078125,0.0,0.0,100.0,0.0,0.0,0.0,8.0,0.0,0.0,null,14.53,-0.31221508979797363
2065,23011501,0,20230115132420,37.3344837,127.3149669,39.0,1444.5,14.509804,14.117647,9210.0,3.05,41.960785,350.0,6.27451,0.0,0.0,28.0,90.0,0.0,-0.0078125,0.0,0.0,100.0,0.0,0.0,0.0,8.0,0.0,0.0,null,14.53,0.6816470623016357
2066,23011501,0,20230115132421,37.3344472,127.3148409,38.0,1358.0,20.0,14.117647,9210.0,3.05,41.960785,350.0,6.27451,0.0,0.0,28.0,90.0,0.0,-0.0078125,0.0,0.0,100.0,0.0,0.0,0.0,8.0,0.0,0.0,null,14.53,0.2533394694328308
2067,23011501,0,20230115132422,37.3344114,127.3147192,37.0,1292.5,20.0,15.686275,9210.0,5.19,41.960785,350.0,10.196078,0.0,0.0,45.0,90.0,0.0,-0.0078125,0.0,0.0,100.0,0.0,0.0,0.0,9.0,0.0,0.0,null,14.53,0.10547236353158951
2068,23011501,0,20230115132423,37.3343781,127.3146059,35.0,1391.5,14.509804,15.686275,7910.0,2.83,41.960785,350.0,10.196078,0.0,0.0,30.0,90.0,0.0,0.0,0.0,0.0,100.0,0.0,0.0,0.0,9.0,0.0,0.0,null,14.53,0.959528923034668
2069,23011501,0,20230115132424,37.3343462,127.3144969,34.0,1391.5,14.509804,16.862745,7890.0,8.13,41.960785,350.0,9.411765,0.0,0.0,73.0,90.0,0.0,0.0,0.0,0.0,100.0,0.0,0.0,0.0,9.0,0.0,0.0,null,14.53,-0.9439699649810791
2070,23011501,0,20230115132425,37.3343156,127.3143919,34.0,1521.0,14.509804,15.686275,7890.0,4.88,41.960785,350.0,16.078432,0.0,0.0,73.0,90.0,0.0,0.0,0.0,0.0,100.0,0.0,0.0,0.0,9.0,0.0,0.0,null,14.53,0.06451307237148285
2071,23011501,0,20230115132426,37.3342851,127.314287,32.0,1344.0,14.509804,15.686275,7880.0,4.88,41.960785,350.0,7.8431373,0.0,0.0,37.0,90.0,0.0,0.0,0.0,0.0,100.0,0.0,0.0,0.0,8.0,0.0,0.0,null,14.53,-0.03765542805194855
2072,23011501,0,20230115132427,37.3342556,127.3141863,31.0,1269.5,14.509804,15.686275,7880.0,2.88,41.960785,350.0,6.6666665,0.0,0.0,26.0,90.0,0.0,0.0,0.0,0.0,100.0,0.0,0.0,0.0,9.0,0.0,0.0,null,14.53,0.10108976066112518
2073,23011501,0,20230115132428,37.3342269,127.31409,29.0,1177.0,14.509804,13.725491,8140.0,2.61,41.960785,350.0,6.27451,0.0,0.0,29.0,90.0,0.0,0.0,0.0,0.0,100.0,0.0,0.0,0.0,9.0,0.0,0.0,null,14.53,0.08127377927303314
2074,23011501,0,20230115132429,37.3342004,127.3140023,27.0,1177.0,14.509804,13.333333,8140.0,2.27,41.960785,350.0,6.27451,0.0,0.0,28.0,90.0,0.0,0.0,0.0,0.0,100.0,0.0,0.0,0.0,9.0,0.0,0.0,null,14.53,-0.6173534393310547
2075,23011501,0,20230115132430,37.3341749,127.3139141,25.0,1157.0,14.509804,13.333333,8320.0,2.27,41.960785,350.0,5.882353,0.0,0.0,28.0,90.0,0.0,0.0,0.0,0.0,100.0,0.0,0.0,0.0,9.0,0.0,0.0,null,14.53,-0.7082062363624573
2076,23011501,0,20230115132431,37.3341546,127.3138379,22.0,1250.5,14.509804,13.725491,8320.0,2.8,41.960785,350.0,6.27451,0.0,0.0,28.0,90.0,0.0,0.0,0.0,0.0,100.0,0.0,0.0,0.0,9.0,0.0,0.0,null,14.53,-0.8174428939819336
2077,23011501,0,20230115132432,37.3341355,127.3137611,21.0,1139.0,14.509804,13.725491,8410.0,2.44,41.960785,350.0,6.27451,0.0,0.0,29.0,90.0,0.0,0.0,0.0,0.0,100.0,0.0,0.0,0.0,9.0,0.0,0.0,null,14.53,-0.2749517261981964
2078,23011501,0,20230115132433,37.3341189,127.3136928,20.0,1050.5,14.509804,13.333333,8410.0,2.3,41.960785,350.0,5.882353,0.0,0.0,29.0,90.0,0.0,0.0,0.0,0.0,100.0,0.0,0.0,0.0,9.0,0.0,0.0,null,14.53,-0.6656679511070251
2079,23011501,0,20230115132434,37.3341041,127.3136284,18.0,924.0,14.509804,13.333333,8540.0,1.75,41.960785,350.0,5.882353,0.0,0.0,27.0,90.0,0.0,0.0,0.0,0.0,100.0,0.0,0.0,0.0,10.0,0.0,0.0,null,14.53,-1.4998633861541748
2080,23011501,0,20230115132435,37.3340933,127.3135719,16.0,924.0,14.509804,12.941176,8620.0,1.63,41.960785,350.0,5.882353,0.0,0.0,31.0,90.0,0.0,0.0,0.0,0.0,100.0,0.0,0.0,0.0,10.0,0.0,0.0,null,14.53,-1.24481999874115
2081,23011501,0,20230115132436,37.334085,127.3135194,15.0,839.0,14.509804,13.725491,8620.0,2.75,41.960785,350.0,9.411765,0.0,0.0,31.0,90.0,0.0,0.0,0.0,0.0,100.0,0.0,0.0,0.0,10.0,0.0,0.0,null,14.53,-1.1179943084716797
2082,23011501,0,20230115132437,37.3340783,127.3134665,12.0,868.5,14.509804,13.725491,7910.0,2.75,41.960785,350.0,12.54902,0.0,0.0,40.0,89.0,0.0,0.0,0.0,0.0,100.0,0.0,0.0,0.0,10.0,0.0,0.0,null,14.53,-0.5893456935882568
2083,23011501,0,20230115132438,37.3340733,127.3134222,8.0,748.0,14.509804,13.725491,7910.0,3.02,41.960785,350.0,14.117647,0.0,0.0,47.0,89.0,0.0,0.0,0.0,0.0,100.0,0.0,0.0,0.0,10.0,0.0,0.0,null,14.53,-0.3204880952835083
2084,23011501,0,20230115132439,37.3340702,127.3133913,4.0,730.0,14.509804,13.725491,7980.0,2.97,43.137257,350.0,14.117647,0.0,0.0,48.0,89.0,0.0,0.0,0.0,0.0,100.0,0.0,0.0,0.0,10.0,0.0,0.0,null,14.53,0.005863489583134651
2085,23011501,0,20230115132440,37.3340679,127.3133691,0.0,730.0,14.509804,13.725491,7980.0,2.88,43.137257,350.0,14.509804,0.0,0.0,48.0,89.0,0.0,0.0,0.0,0.0,100.0,0.0,0.0,0.0,10.0,0.0,0.0,null,14.53,0.03462671488523483
2086,23011501,0,20230115132441,37.334067,127.3133603,0.0,741.5,14.509804,13.725491,7890.0,2.88,43.137257,350.0,14.90196,0.0,0.0,47.0,89.0,0.0,0.0,0.0,0.0,100.0,0.0,0.0,0.0,11.0,0.0,0.0,null,14.53,0.04480704292654991
2087,23011501,0,20230115132442,37.334067,127.3133603,0.0,0.0,14.509804,13.725491,7890.0,1.05,43.137257,350.0,0.0,0.0,0.0,95.0,89.0,0.0,0.0,0.0,0.0,100.0,0.0,0.0,0.0,11.0,0.0,0.0,null,12.717,0.008013175800442696
2088,23011501,0,20230115132443,37.334067,127.3133603,0.0,0.0,14.509804,11.372549,8040.0,0.0,43.137257,350.0,0.0,0.0,0.0,97.0,89.0,0.0,0.0,0.0,0.0,100.0,0.0,0.0,0.0,11.0,0.0,0.0,null,12.717,0.008845562115311623
2089,23011501,0,20230115132444,37.334067,127.3133603,0.0,0.0,14.509804,11.372549,8040.0,0.0,43.137257,350.0,0.0,0.0,0.0,97.0,89.0,0.0,0.0,0.0,0.0,100.0,0.0,0.0,0.0,11.0,0.0,0.0,null,12.717,0.006632509175688028
2090,23011501,0,20230115132445,37.334067,127.3133603,0.0,0.0,14.509804,11.372549,8200.0,0.0,43.137257,350.0,0.0,0.0,0.0,98.0,89.0,0.0,0.0,0.0,0.0,100.0,0.0,0.0,0.0,11.0,0.0,0.0,null,12.717,0.011781052686274052
2091,23011501,0,20230115132446,37.334067,127.3133603,0.0,0.0,14.509804,11.372549,8200.0,0.0,43.137257,350.0,0.0,0.0,0.0,98.0,89.0,0.0,0.0,0.0,0.0,100.0,0.0,0.0,0.0,11.0,0.0,0.0,null,12.717,0.011298957280814648
2092,23011501,0,20230115132447,37.334067,127.3133603,0.0,0.0,14.509804,11.372549,8300.0,0.0,43.137257,350.0,0.0,0.0,0.0,99.0,89.0,0.0,0.0,0.0,0.0,100.0,0.0,0.0,0.0,11.0,0.0,0.0,null,12.717,0.01065883133560419
2093,23011501,0,20230115132448,37.334067,127.3133603,0.0,0.0,14.509804,11.372549,8300.0,0.0,43.137257,350.0,0.0,0.0,0.0,99.0,89.0,0.0,0.0,0.0,0.0,100.0,0.0,0.0,0.0,11.0,0.0,0.0,null,12.717,0.007983908988535404
2094,23011501,0,20230115132449,37.334067,127.3133603,0.0,0.0,14.509804,11.372549,8420.0,0.0,43.137257,350.0,0.0,0.0,0.0,99.0,90.0,0.0,0.0,0.0,0.0,100.0,0.0,0.0,0.0,11.0,0.0,0.0,null,12.717,-0.003050033003091812
2095,23011501,0,20230115132450,37.334067,127.3133603,0.0,0.0,14.509804,11.372549,8420.0,0.0,43.137257,350.0,0.0,0.0,0.0,99.0,90.0,0.0,0.0,0.0,0.0,100.0,0.0,0.0,0.0,10.0,0.0,0.0,null,12.717,0.0025302597787231207
2096,23011501,0,20230115132451,37.334067,127.3133603,0.0,0.0,14.509804,11.372549,8530.0,0.0,43.137257,350.0,0.0,0.0,0.0,99.0,90.0,0.0,0.0,0.0,0.0,100.0,0.0,0.0,0.0,10.0,0.0,0.0,null,12.717,-0.0021223006770014763
2097,23011501,0,20230115132452,37.334067,127.3133603,0.0,0.0,14.509804,11.372549,8530.0,0.0,43.137257,350.0,32.54902,0.0,0.0,99.0,90.0,0.0,0.0,0.0,0.0,100.0,0.0,0.0,0.0,11.0,0.0,0.0,null,12.717,0.019129041582345963
2098,23011501,0,20230115132453,37.334067,127.3133603,3.0,943.5,14.509804,14.90196,8530.0,0.0,43.137257,350.0,14.509804,0.0,0.0,52.0,90.0,0.0,0.0,0.0,0.0,100.0,0.0,0.0,0.0,11.0,0.0,0.0,null,12.717,0.007528921589255333
2099,23011501,0,20230115132454,37.334067,127.3133603,6.0,1418.0,31.37255,14.90196,9770.0,8.91,43.137257,350.0,14.509804,0.0,0.0,91.0,90.0,0.0,0.0,0.0,0.0,100.0,0.0,0.0,0.0,12.0,0.0,0.0,null,12.717,0.05059206858277321
2100,23011501,0,20230115132455,37.3340656,127.313347,11.0,1418.0,31.37255,22.745098,11380.0,10.55,43.137257,350.0,19.607843,0.0,0.0,91.0,90.0,0.0,0.0,0.0,0.0,100.0,0.0,0.0,0.0,11.0,0.0,0.0,null,12.717,0.028670314699411392
2101,23011501,0,20230115132456,37.3340629,127.3133204,14.0,1791.5,24.313726,22.745098,11380.0,10.55,43.137257,350.0,21.960785,0.0,0.0,92.0,90.0,0.0,0.0,0.0,0.0,100.0,0.0,0.0,0.0,11.0,0.0,0.0,null,12.717,-0.006139151751995087
2102,23011501,0,20230115132457,37.3340588,127.3132806,16.0,1297.5,24.313726,17.254902,11380.0,7.16,43.137257,350.0,11.372549,0.0,0.0,57.0,90.0,0.0,0.0,0.0,0.0,100.0,0.0,0.0,0.0,10.0,0.0,0.0,null,12.717,-0.05083903297781944
2103,23011501,0,20230115132458,37.3340541,127.3132363,17.0,1422.0,26.666666,17.254902,7970.0,6.36,43.137257,350.0,11.372549,0.0,0.0,81.0,90.0,0.0,0.0,0.0,0.0,100.0,0.0,0.0,0.0,10.0,0.0,0.0,null,12.717,0.060382403433322906
2104,23011501,0,20230115132459,37.3340484,127.3131832,19.0,1694.5,26.666666,25.09804,11720.0,11.25,43.137257,350.0,20.392157,0.0,0.0,87.0,90.0,0.0,0.0,0.0,0.0,100.0,0.0,0.0,0.0,10.0,0.0,0.0,null,12.717,-0.29806169867515564
2105,23011501,0,20230115132500,37.3340425,127.3131256,21.0,1694.5,14.90196,16.862745,11720.0,6.05,43.137257,350.0,19.215687,0.0,0.0,87.0,90.0,0.0,0.0,0.0,0.0,100.0,0.0,0.0,0.0,10.0,0.0,0.0,null,12.717,-0.6990329027175903
2106,23011501,0,20230115132501,37.334035,127.3130368,21.0,1658.0,14.90196,16.862745,10780.0,6.05,43.137257,350.0,11.372549,0.0,0.0,38.0,90.0,0.0,0.0,0.0,0.0,100.0,0.0,0.0,0.0,9.0,0.0,0.0,null,12.717,-0.9067096710205078
2107,23011501,0,20230115132502,37.3340312,127.31297,22.0,1619.0,30.19608,16.862745,10780.0,11.02,43.137257,350.0,28.235294,0.0,0.0,96.0,89.0,0.0,0.0,0.0,0.0,100.0,0.0,0.0,0.0,9.0,0.0,0.0,null,12.717,-0.9738932847976685
2108,23011501,0,20230115132503,37.3340287,127.3128986,25.0,1565.5,30.19608,28.62745,15070.0,15.02,41.960785,350.0,28.235294,0.0,0.0,98.0,89.0,0.0,0.0,0.0,0.0,100.0,0.0,0.0,0.0,9.0,0.0,0.0,null,12.717,-0.42947661876678467
2109,23011501,0,20230115132504,37.3340266,127.3128183,28.0,1565.5,19.215687,21.17647,15070.0,7.91,41.960785,350.0,32.54902,0.0,0.0,98.0,89.0,0.0,0.0,0.0,0.0,100.0,0.0,0.0,0.0,9.0,0.0,0.0,null,12.717,-0.20624150335788727
2110,23011501,0,20230115132505,37.3340243,127.3127335,28.0,1467.5,19.607843,21.17647,8430.0,7.91,41.960785,350.0,14.90196,0.0,0.0,81.0,89.0,0.0,0.0,0.0,0.0,100.0,0.0,0.0,0.0,8.0,0.0,0.0,null,14.459,0.07185089588165283
2111,23011501,0,20230115132506,37.3340219,127.3126442,27.0,1458.5,19.607843,14.509804,8430.0,4.97,41.960785,350.0,10.980392,0.0,0.0,46.0,89.0,0.0,0.0,0.0,0.0,100.0,0.0,0.0,0.0,8.0,0.0,0.0,null,14.459,0.6357568502426147
2112,23011501,0,20230115132507,37.3340176,127.3125551,25.0,1377.0,19.607843,14.509804,7920.0,3.11,41.960785,350.0,6.6666665,0.046875,0.0,26.0,89.0,0.0,0.0,0.0,0.0,100.0,0.0,0.0,0.0,8.0,0.0,0.0,null,14.459,1.4446730613708496
2113,23011501,0,20230115132508,37.3340099,127.3124753,18.0,1036.5,14.509804,13.725491,7920.0,2.83,41.960785,350.0,7.0588236,0.046875,0.0,29.0,89.0,0.0,0.0,0.0,0.0,100.0,0.0,0.0,0.0,8.0,0.0,0.0,null,14.459,2.2293319702148438
2114,23011501,0,20230115132509,37.334,127.3124094,10.0,737.5,14.509804,13.725491,8350.0,2.16,41.960785,350.0,7.0588236,0.046875,0.0,45.0,89.0,0.0,0.0,0.0,0.0,100.0,0.0,0.0,0.0,9.0,0.0,0.0,null,14.459,1.7717453241348267
2115,23011501,0,20230115132510,37.3339936,127.3123747,3.0,724.5,14.509804,14.509804,7820.0,3.36,41.960785,350.0,15.686275,0.046875,0.0,48.0,89.0,0.0,0.0,0.0,0.0,100.0,0.0,0.0,0.0,10.0,0.0,0.0,null,14.459,0.8360908031463623
2116,23011501,0,20230115132511,37.3339901,127.3123573,0.0,730.0,14.509804,14.117647,7820.0,3.16,41.960785,350.0,15.686275,0.046875,0.0,51.0,89.0,0.0,0.0,0.0,0.0,100.0,0.0,0.0,0.0,10.0,0.0,0.0,null,14.459,0.19955243170261383
2117,23011501,0,20230115132512,37.3339883,127.3123487,0.0,730.0,14.509804,14.117647,7870.0,2.77,41.960785,350.0,15.294118,0.046875,0.0,51.0,91.0,0.0,0.0,0.0,0.0,100.0,0.0,0.0,0.0,10.0,0.0,0.0,null,14.459,0.14446426928043365
2118,23011501,0,20230115132513,37.3339883,127.3123487,0.0,311.5,14.509804,11.372549,8540.0,1.27,41.960785,350.0,36.07843,0.046875,0.0,56.0,91.0,0.0,0.0,0.0,0.0,100.0,0.0,0.0,0.0,11.0,0.0,0.0,null,14.459,-0.018220022320747375
2119,23011501,0,20230115132514,37.3339883,127.3123487,0.0,0.0,14.509804,11.372549,8540.0,1.27,41.960785,350.0,0.0,0.046875,0.0,96.0,91.0,0.0,0.0,0.0,0.0,100.0,0.0,0.0,0.0,11.0,0.0,0.0,null,14.459,-0.004920390900224447
2120,23011501,0,20230115132515,37.3339883,127.3123487,0.0,0.0,14.509804,11.372549,8540.0,0.0,41.960785,350.0,0.0,0.046875,0.0,97.0,91.0,0.0,0.0,0.0,0.0,100.0,0.0,0.0,0.0,11.0,0.0,0.0,null,14.459,-0.0036453723441809416
2121,23011501,0,20230115132516,37.3339883,127.3123487,0.0,0.0,14.509804,11.372549,8720.0,0.0,41.960785,350.0,0.0,0.046875,0.0,98.0,91.0,0.0,0.0,0.0,0.0,100.0,0.0,0.0,0.0,11.0,0.0,0.0,null,14.459,-0.001564248581416905
2122,23011501,0,20230115132517,37.3339883,127.3123487,0.0,0.0,14.509804,10.980392,8810.0,0.0,41.960785,350.0,0.0,0.046875,0.0,99.0,91.0,0.0,0.0,0.0,0.0,100.0,0.0,0.0,0.0,11.0,0.0,0.0,null,14.459,-0.0033256562892347574
2123,23011501,0,20230115132518,37.3339883,127.3123487,0.0,0.0,14.509804,11.372549,8810.0,0.0,41.960785,350.0,0.0,0.046875,0.0,99.0,91.0,0.0,0.0,0.0,0.0,100.0,0.0,0.0,0.0,10.0,0.0,0.0,null,14.459,-0.004507736302912235
2124,23011501,0,20230115132519,37.3339883,127.3123487,0.0,0.0,14.509804,11.372549,8950.0,0.0,41.960785,350.0,0.0,0.046875,0.0,99.0,91.0,0.0,0.0,0.0,0.0,100.0,0.0,0.0,0.0,10.0,0.0,0.0,null,14.459,-0.0035516738425940275
2125,23011501,0,20230115132520,37.3339883,127.3123487,0.0,0.0,14.509804,11.372549,8950.0,0.0,41.960785,350.0,0.0,0.046875,0.0,99.0,91.0,0.0,0.0,0.0,0.0,100.0,0.0,0.0,0.0,10.0,0.0,0.0,null,14.459,0.0014898345107212663
2126,23011501,0,20230115132521,37.3339883,127.3123487,0.0,0.0,14.509804,11.372549,9040.0,0.0,41.960785,350.0,0.0,0.046875,0.0,99.0,91.0,0.0,0.0,0.0,0.0,100.0,0.0,0.0,0.0,10.0,0.0,0.0,null,14.459,-0.0013357786228880286
2127,23011501,0,20230115132522,37.3339883,127.3123487,0.0,0.0,14.509804,11.372549,9040.0,0.0,41.960785,350.0,0.0,0.046875,0.0,99.0,91.0,0.0,0.0,0.0,0.0,100.0,0.0,0.0,0.0,10.0,0.0,0.0,null,14.459,-0.0019178896909579635
2128,23011501,0,20230115132523,37.3339883,127.3123487,0.0,0.0,14.509804,11.372549,9180.0,0.0,41.960785,350.0,0.0,0.046875,0.0,99.0,93.0,0.0,0.0,0.0,0.0,100.0,0.0,0.0,0.0,10.0,0.0,0.0,null,14.459,-0.0020078623201698065
2129,23011501,0,20230115132524,37.3339883,127.3123487,0.0,0.0,14.509804,17.647058,9270.0,0.0,42.7451,350.0,0.0,0.046875,0.0,99.0,93.0,0.0,0.0,0.0,0.0,100.0,0.0,0.0,0.0,10.0,0.0,0.0,null,14.459,0.0005257098819129169
2130,23011501,0,20230115132525,37.3339883,127.3123487,0.0,0.0,14.509804,11.764706,9270.0,0.0,42.7451,350.0,0.0,0.046875,0.0,99.0,93.0,0.0,0.0,0.0,0.0,100.0,0.0,0.0,0.0,10.0,0.0,0.0,null,14.459,0.11080954968929291
2131,23011501,0,20230115132526,37.3339883,127.3123487,3.0,898.0,14.509804,11.764706,10360.0,0.0,42.7451,350.0,13.333333,0.046875,0.0,49.0,93.0,0.0,0.0,0.0,0.0,100.0,0.0,0.0,0.0,11.0,0.0,0.0,null,14.459,0.18018390238285065
2132,23011501,0,20230115132527,37.3339875,127.3123443,9.0,1443.5,32.941177,11.764706,10360.0,9.38,42.7451,350.0,22.352942,0.046875,0.0,93.0,93.0,0.0,0.0,0.0,0.0,100.0,0.0,0.0,0.0,11.0,0.0,0.0,null,12.081,0.43737488985061646
2133,23011501,0,20230115132528,37.3339827,127.3123229,13.0,1912.0,32.941177,26.666666,14610.0,12.11,42.7451,350.0,22.352942,-0.0390625,0.0,94.0,93.0,0.0,0.0,0.0,0.0,100.0,0.0,0.0,0.0,11.0,0.0,0.0,null,12.081,-0.31938478350639343
2134,23011501,0,20230115132529,37.3339752,127.3122838,16.0,1729.0,25.882353,21.568628,14610.0,11.3,42.7451,350.0,22.352942,-0.0390625,0.0,78.0,93.0,0.0,0.0,0.0,0.0,100.0,0.0,0.0,0.0,11.0,0.0,0.0,null,12.081,-5.50678014755249
2135,23011501,0,20230115132530,37.3339744,127.3122349,19.0,1729.0,30.588236,21.568628,8570.0,11.86,42.7451,350.0,16.078432,-0.0390625,0.0,93.0,93.0,0.0,-0.0078125,0.0,0.0,100.0,0.0,0.0,0.0,10.0,0.0,0.0,null,12.081,-14.190007209777832
2136,23011501,0,20230115132531,37.3339952,127.3121789,22.0,1848.0,30.588236,40.0,15730.0,11.86,42.7451,350.0,34.117645,-0.0390625,0.0,93.0,93.0,0.0,-0.0078125,0.0,0.0,100.0,0.0,0.0,0.0,10.0,0.0,0.0,null,12.081,-15.726537704467773
2137,23011501,0,20230115132532,37.3340389,127.3121333,27.0,1409.5,35.686275,30.19608,15730.0,17.08,42.7451,350.0,36.862743,-0.0390625,0.0,98.0,93.0,0.0,-0.0078125,0.0,0.0,100.0,0.0,0.0,0.0,9.0,0.0,0.0,null,12.081,-5.850226879119873
2138,23011501,0,20230115132533,37.3340958,127.3120872,31.0,1554.0,35.686275,30.19608,15730.0,19.83,42.7451,350.0,41.568626,-0.0390625,0.0,97.0,93.0,0.0,-0.0078125,0.0,0.0,100.0,0.0,0.0,0.0,8.0,0.0,0.0,null,12.081,0.5039170384407043
2139,23011501,0,20230115132534,37.3341612,127.3120328,35.0,1787.5,35.686275,30.19608,22180.0,23.86,42.7451,350.0,42.7451,-0.0390625,0.0,101.0,91.0,0.0,-0.0078125,0.0,0.0,100.0,0.0,0.0,0.0,8.0,0.0,0.0,null,12.081,0.22336462140083313
2140,23011501,0,20230115132535,37.3342321,127.3119729,38.0,1556.5,35.686275,38.431374,23830.0,25.5,42.7451,350.0,41.568626,-0.0390625,0.0,102.0,91.0,0.0,-0.0078125,0.0,0.0,100.0,0.0,0.0,0.0,8.0,0.0,0.0,null,12.081,-0.05569992959499359
2141,23011501,0,20230115132536,37.3343121,127.3119057,41.0,1556.5,33.72549,32.941177,23830.0,21.86,42.7451,350.0,41.568626,-0.0390625,0.0,100.0,91.0,0.0,-0.0078125,0.0,0.0,100.0,0.0,0.0,0.0,8.0,0.0,0.0,null,12.081,0.08545062690973282
2142,23011501,0,20230115132537,37.3343979,127.3118332,44.0,1696.5,32.54902,32.941177,21420.0,21.86,42.7451,350.0,40.784313,-0.0390625,0.0,100.0,91.0,0.0,-0.0078125,0.0,0.0,100.0,0.0,0.0,0.0,8.0,0.0,0.0,null,12.081,-0.1310325711965561
2143,23011501,0,20230115132538,37.3344896,127.3117557,45.0,1546.0,32.54902,22.352942,21420.0,23.13,42.7451,350.0,27.450981,-0.0390625,0.0,97.0,91.0,0.0,-0.0078125,0.0,0.0,100.0,0.0,0.0,0.0,7.0,0.0,0.0,null,12.081,-0.0053327991627156734
2144,23011501,0,20230115132539,37.334587,127.3116728,46.0,1567.0,29.411764,22.352942,11920.0,9.33,42.7451,350.0,16.862745,-0.0390625,0.0,86.0,91.0,0.0,-0.0078125,0.0,0.0,100.0,0.0,0.0,0.0,8.0,0.0,0.0,null,12.081,0.06437836587429047
2145,23011501,0,20230115132540,37.334684,127.3115893,46.0,1723.5,29.411764,25.09804,11920.0,12.75,42.7451,350.0,31.764706,-0.0390625,0.0,96.0,91.0,0.0,-0.0078125,0.0,0.0,100.0,0.0,0.0,0.0,8.0,0.0,0.0,null,12.081,0.21837374567985535
2146,23011501,0,20230115132541,37.3347809,127.311505,48.0,1356.5,28.62745,25.09804,15470.0,13.75,42.7451,350.0,20.392157,-0.0390625,0.0,95.0,91.0,0.0,-0.0078125,0.0,0.0,100.0,0.0,0.0,0.0,8.0,0.0,0.0,null,12.081,-0.15424132347106934
2147,23011501,0,20230115132542,37.3348799,127.3114174,48.0,1362.0,28.62745,20.784313,8880.0,8.63,42.7451,350.0,18.431372,-0.0390625,0.0,87.0,91.0,0.0,-0.0078125,0.0,0.0,100.0,0.0,0.0,0.0,8.0,0.0,0.0,null,12.081,2.236513137817383
2148,23011501,0,20230115132543,37.3349773,127.3113266,48.0,1345.0,25.09804,18.431372,8880.0,7.75,42.7451,350.0,18.431372,-0.0390625,0.0,83.0,91.0,0.0,-0.0078125,0.0,0.0,100.0,0.0,0.0,0.0,8.0,0.0,0.0,null,12.081,0.9600825309753418
2149,23011501,0,20230115132544,37.3350722,127.3112317,48.0,1345.0,25.882353,18.431372,8350.0,7.47,42.7451,350.0,17.647058,-0.0390625,0.0,83.0,95.0,0.0,-0.0078125,0.0,0.0,100.0,0.0,0.0,0.0,8.0,0.0,0.0,null,12.081,1.3851127624511719
2150,23011501,0,20230115132545,37.3351647,127.3111332,48.0,1377.5,25.882353,28.62745,8350.0,7.47,40.39216,350.0,28.235294,-0.0390625,0.0,92.0,95.0,0.0,-0.0078125,0.0,0.0,100.0,0.0,0.0,0.0,8.0,0.0,0.0,null,12.081,1.300773024559021
2151,23011501,0,20230115132546,37.3352533,127.3110154,49.0,1367.5,29.411764,28.62745,16200.0,14.27,40.39216,350.0,31.764706,-0.0390625,0.0,96.0,95.0,0.0,-0.0078125,0.0,0.0,100.0,0.0,0.0,0.0,8.0,0.0,0.0,null,12.081,3.005392074584961
2152,23011501,0,20230115132547,37.3353358,127.3108979,49.0,1389.0,29.411764,27.058823,16200.0,12.5,40.39216,350.0,30.980392,-0.0390625,0.0,97.0,95.0,0.0,-0.0078125,0.0,0.0,100.0,0.0,0.0,0.0,8.0,0.0,0.0,null,12.081,3.5879924297332764
2153,23011501,0,20230115132548,37.3354056,127.3107736,49.0,1370.5,31.764706,27.058823,15830.0,14.27,40.39216,350.0,30.980392,-0.0390625,0.0,97.0,95.0,0.0,-0.0078125,0.0,0.0,100.0,0.0,0.0,0.0,8.0,0.0,0.0,null,14.53,3.561079740524292
2154,23011501,0,20230115132549,37.3354667,127.3106372,48.0,1370.5,31.764706,35.294117,21230.0,22.72,40.39216,350.0,37.2549,-0.0078125,0.0,97.0,95.0,0.0,-0.0078125,0.0,0.0,100.0,0.0,0.0,0.0,8.0,0.0,0.0,null,14.53,3.35796856880188
2155,23011501,0,20230115132550,37.3355165,127.3104938,49.0,1708.0,36.862743,48.627453,21230.0,22.72,40.39216,350.0,43.137257,-0.0078125,0.0,100.0,95.0,0.0,-0.0078125,0.0,0.0,100.0,0.0,0.0,0.0,7.0,0.0,0.0,null,14.53,2.3667075634002686
2156,23011501,0,20230115132551,37.3355572,127.3103458,50.0,1704.0,36.862743,48.627453,29360.0,29.75,40.39216,350.0,63.52941,-0.0078125,0.0,120.0,95.0,0.0,-0.0078125,0.0,0.0,100.0,0.0,0.0,0.0,7.0,0.0,0.0,null,14.53,2.870826482772827
2157,23011501,0,20230115132552,37.3355871,127.310194,51.0,1747.5,39.60784,83.92157,29360.0,41.52,40.39216,350.0,70.196075,-0.0078125,0.0,148.0,95.0,0.0,-0.0078125,0.0,0.0,100.0,0.0,0.0,0.0,7.0,0.0,0.0,null,14.53,2.9110751152038574
2158,23011501,0,20230115132553,37.3356074,127.3100352,53.0,1793.5,39.60784,83.92157,30360.0,36.25,40.39216,350.0,63.52941,-0.0078125,0.0,133.0,95.0,0.0,-0.0078125,0.0,0.0,100.0,0.0,0.0,0.0,7.0,0.0,0.0,null,14.53,2.180183172225952
2159,23011501,0,20230115132554,37.335622,127.3098663,53.0,1832.5,36.862743,53.333332,30360.0,32.52,40.39216,350.0,47.45098,-0.0078125,0.0,115.0,95.0,0.0,-0.0078125,0.0,0.0,100.0,0.0,0.0,0.0,6.0,0.0,0.0,null,14.53,0.6711360812187195
2160,23011501,0,20230115132555,37.3356335,127.3096971,53.0,1832.5,33.333332,53.333332,23590.0,24.47,40.39216,350.0,47.45098,-0.0078125,0.0,101.0,97.0,0.0,-0.0078125,0.0,0.0,100.0,0.0,0.0,0.0,6.0,0.0,0.0,null,14.53,0.3053654134273529
2161,23011501,0,20230115132556,37.3356444,127.3095277,53.0,1832.5,33.333332,36.862743,24200.0,24.05,40.39216,350.0,40.784313,-0.0078125,0.0,99.0,97.0,0.0,-0.0078125,0.0,0.0,100.0,0.0,0.0,0.0,6.0,0.0,0.0,null,14.53,0.033396653831005096
2162,23011501,0,20230115132557,37.3356553,127.3093585,50.0,1823.0,16.862745,14.509804,24200.0,24.05,40.39216,350.0,26.666666,-0.0078125,0.0,99.0,97.0,0.0,-0.0078125,0.0,0.0,100.0,0.0,0.0,0.0,6.0,0.0,0.0,null,14.53,-0.24566873908042908
2163,23011501,0,20230115132558,37.3356658,127.3091982,47.0,1663.5,16.862745,14.509804,17260.0,3.36,40.39216,350.0,17.254902,-0.0078125,0.0,34.0,97.0,0.0,-0.0078125,0.0,0.0,100.0,0.0,0.0,0.0,6.0,0.0,0.0,null,14.53,-0.3099018931388855
2164,23011501,0,20230115132559,37.3356766,127.3090424,46.0,1741.0,32.54902,14.509804,17260.0,23.08,40.39216,350.0,39.215687,-0.0078125,0.0,98.0,97.0,0.0,-0.0078125,0.0,0.0,100.0,0.0,0.0,0.0,6.0,0.0,0.0,null,14.53,-0.7401303052902222
2165,23011501,0,20230115132600,37.3356906,127.3088961,46.0,1655.0,32.54902,34.509804,23940.0,23.38,40.39216,350.0,39.215687,-0.0078125,0.0,101.0,97.0,0.0,-0.0078125,0.0,0.0,100.0,0.0,0.0,0.0,6.0,0.0,0.0,null,14.53,-1.9243137836456299
2166,23011501,0,20230115132601,37.3357118,127.3087512,46.0,1607.5,36.07843,43.92157,23940.0,26.02,40.39216,350.0,43.137257,-0.0078125,0.0,120.0,97.0,0.0,-0.0078125,0.0,0.0,100.0,0.0,0.0,0.0,6.0,0.0,0.0,null,14.53,-1.1775681972503662
2167,23011501,0,20230115132602,37.3357366,127.3086072,47.0,1607.5,41.17647,43.92157,30190.0,42.72,40.39216,350.0,60.39216,-0.0078125,0.0,162.0,97.0,0.0,-0.0078125,0.0,0.0,100.0,0.0,0.0,0.0,6.0,0.0,0.0,null,14.53,-0.8501996994018555
2168,23011501,0,20230115132603,37.3357639,127.3084592,50.0,1671.5,41.17647,84.70588,30820.0,46.61,40.39216,350.0,87.45098,-0.0078125,0.0,162.0,97.0,0.0,-0.0078125,0.0,0.0,100.0,0.0,0.0,0.0,6.0,0.0,0.0,null,14.53,-0.25255438685417175
2169,23011501,0,20230115132604,37.3357929,127.3083073,52.0,1743.0,36.07843,84.70588,30820.0,46.61,40.39216,350.0,66.666664,-0.0078125,0.0,146.0,97.0,0.0,-0.0078125,0.0,0.0,100.0,0.0,0.0,0.0,6.0,0.0,0.0,null,14.53,0.21480706334114075
2170,23011501,0,20230115132605,37.3358236,127.3081467,52.0,1794.5,36.07843,54.509804,20390.0,30.94,40.39216,350.0,47.45098,-0.0078125,0.0,114.0,97.0,0.0,-0.0078125,0.0,0.0,100.0,0.0,0.0,0.0,5.0,0.0,0.0,null,14.53,0.3906450867652893
2171,23011501,0,20230115132606,37.3358532,127.307981,52.0,1777.5,28.62745,54.509804,20390.0,17.97,40.39216,350.0,26.666666,-0.0078125,0.0,95.0,101.0,0.0,-0.0078125,0.0,0.0,100.0,0.0,0.0,0.0,5.0,0.0,0.0,null,14.53,1.1913485527038574
2172,23011501,0,20230115132607,37.3358759,127.3078075,50.0,1723.5,28.62745,26.27451,15650.0,14.16,38.431374,350.0,26.666666,-0.0078125,0.0,96.0,101.0,0.0,-0.0078125,0.0,0.0,100.0,0.0,0.0,0.0,5.0,0.0,0.0,null,14.53,1.8389431238174438
2173,23011501,0,20230115132608,37.3358914,127.307648,50.0,1723.5,37.2549,62.35294,15650.0,31.19,38.431374,350.0,36.47059,-0.0078125,0.0,121.0,101.0,0.0,-0.0078125,0.0,0.0,100.0,0.0,0.0,0.0,5.0,0.0,0.0,null,14.53,2.930286407470703
2174,23011501,0,20230115132609,37.3358949,127.3074919,52.0,1727.0,38.82353,62.35294,29860.0,31.19,38.431374,350.0,61.17647,-0.0078125,0.0,121.0,101.0,0.0,-0.0078125,0.0,0.0,100.0,0.0,0.0,0.0,6.0,0.0,0.0,null,14.577,3.273219585418701
2175,23011501,0,20230115132610,37.3358839,127.3073274,53.0,1793.0,38.82353,80.78432,29860.0,35.94,38.431374,350.0,62.35294,0.0,0.0,130.0,101.0,0.0,-0.0078125,0.0,0.0,100.0,0.0,0.0,0.0,5.0,0.0,0.0,null,14.577,4.674611568450928
2176,23011501,0,20230115132611,37.3358523,127.3071626,54.0,1846.5,38.82353,80.78432,30730.0,37.16,38.431374,350.0,62.35294,0.0,0.0,130.0,101.0,0.0,-0.0078125,0.0,0.0,100.0,0.0,0.0,0.0,5.0,0.0,0.0,null,14.577,5.411253929138184
2177,23011501,0,20230115132612,37.3358022,127.307005,56.0,1900.0,38.039215,64.31373,30730.0,36.19,38.431374,350.0,60.784313,0.0,0.0,124.0,101.0,0.0,-0.0078125,0.0,0.0,100.0,0.0,0.0,0.0,5.0,0.0,0.0,null,14.577,2.8964571952819824
2178,23011501,0,20230115132613,37.3357421,127.3068431,56.0,1926.5,35.294117,64.31373,31020.0,36.77,38.431374,350.0,48.627453,0.0,0.0,117.0,101.0,0.0,-0.0078125,0.0,0.0,100.0,0.0,0.0,0.0,5.0,0.0,0.0,null,14.577,-0.7363036274909973
2179,23011501,0,20230115132614,37.3356871,127.3066783,55.0,1919.0,35.294117,28.62745,21340.0,22.8,38.431374,350.0,34.509804,0.0,0.0,97.0,101.0,0.0,-0.0078125,0.0,0.0,100.0,0.0,0.0,0.0,5.0,0.0,0.0,null,14.577,-4.24364709854126
2180,23011501,0,20230115132615,37.3356517,127.3065055,54.0,1861.5,29.019608,26.666666,21340.0,15.77,38.431374,350.0,34.509804,0.0,0.0,96.0,101.0,0.0,-0.0078125,0.0,0.0,100.0,0.0,0.0,0.0,5.0,0.0,0.0,null,14.577,-5.264826774597168
2181,23011501,0,20230115132616,37.3356372,127.3063325,52.0,1861.5,29.019608,26.666666,16810.0,16.77,38.431374,350.0,28.62745,0.0,0.0,96.0,90.0,0.0,-0.0078125,0.0,0.0,100.0,0.0,0.0,0.0,5.0,0.0,0.0,null,14.577,-6.325028896331787
2182,23011501,0,20230115132617,37.3356452,127.3061634,51.0,1825.0,29.019608,28.62745,18410.0,18.41,38.431374,350.0,29.411764,0.0,0.0,100.0,90.0,0.0,-0.0078125,0.0,0.0,100.0,0.0,0.0,0.0,5.0,0.0,0.0,null,14.577,-7.3500800132751465
2183,23011501,0,20230115132618,37.335679,127.306004,50.0,1785.5,33.72549,32.54902,18410.0,23.05,38.431374,350.0,42.35294,0.0,0.0,100.0,90.0,0.0,-0.0078125,0.0,0.0,100.0,0.0,0.0,0.0,5.0,0.0,0.0,null,14.577,-5.3043131828308105
2184,23011501,0,20230115132619,37.3357295,127.3058516,51.0,1761.5,35.686275,32.54902,24140.0,23.05,38.431374,350.0,45.882355,0.0,0.0,104.0,90.0,0.0,-0.0078125,0.0,0.0,99.0,0.0,0.0,0.0,5.0,0.0,0.0,null,14.577,-1.0513466596603394
2185,23011501,0,20230115132620,37.3357807,127.3057043,51.0,1768.0,35.686275,81.960785,27000.0,24.55,38.431374,350.0,63.52941,0.0,0.0,115.0,90.0,0.0,-0.0078125,0.0,0.0,99.0,0.0,0.0,0.0,5.0,0.0,0.0,null,14.577,0.18879052996635437
2186,23011501,0,20230115132621,37.3358332,127.3055529,51.0,1765.0,38.039215,81.960785,27000.0,33.11,38.431374,350.0,48.627453,0.0,0.0,100.0,90.0,0.0,-0.0078125,0.0,0.0,99.0,0.0,0.0,0.0,5.0,0.0,0.0,null,14.577,-0.128060445189476
2187,23011501,0,20230115132622,37.3358852,127.3054012,53.0,1776.0,38.039215,55.686275,30930.0,33.19,38.431374,350.0,72.94118,0.0,0.0,132.0,90.0,0.0,-0.0078125,0.0,0.0,99.0,0.0,0.0,0.0,5.0,0.0,0.0,null,14.577,1.0008538961410522
2188,23011501,0,20230115132623,37.3359313,127.3052466,55.0,1836.0,40.784313,83.92157,30930.0,45.36,38.431374,350.0,78.43137,0.0,0.0,157.0,90.0,0.0,-0.0078125,0.0,0.0,99.0,0.0,0.0,0.0,5.0,0.0,0.0,null,14.577,2.596327066421509
2189,23011501,0,20230115132624,37.3359666,127.3050831,52.0,1837.5,14.509804,83.92157,27720.0,19.91,38.431374,350.0,18.82353,0.0,0.0,87.0,90.0,0.0,-0.0078125,0.0,0.0,99.0,0.0,0.0,0.0,5.0,0.0,0.0,null,14.577,2.7029786109924316
2190,23011501,0,20230115132625,37.3359911,127.3049164,49.0,1741.0,14.509804,14.90196,21340.0,4.58,38.431374,350.0,6.27451,0.0,0.0,24.0,93.0,0.0,-0.0078125,0.0,0.0,99.0,0.0,0.0,0.0,5.0,0.0,0.0,null,14.577,2.4069275856018066
2191,23011501,0,20230115132626,37.3360059,127.3047569,45.0,1585.5,21.17647,14.90196,21340.0,6.25,38.431374,350.0,23.137255,0.0,0.0,81.0,93.0,0.0,-0.0078125,0.0,0.0,99.0,0.0,0.0,0.0,5.0,0.0,0.0,null,14.577,1.1615127325057983
2192,23011501,0,20230115132627,37.3360155,127.3046103,43.0,1561.5,21.17647,26.666666,14960.0,13.19,36.47059,350.0,23.137255,0.0,0.0,95.0,93.0,0.0,-0.0078125,0.0,0.0,99.0,0.0,0.0,0.0,6.0,0.0,0.0,null,14.577,-0.8732600808143616
2193,23011501,0,20230115132628,37.3360285,127.3044685,42.0,1660.0,21.568628,18.431372,14960.0,8.69,36.47059,350.0,20.392157,0.0,0.0,64.0,93.0,0.0,-0.0078125,0.0,0.0,99.0,0.0,0.0,0.0,6.0,0.0,0.0,null,14.577,-0.9351886510848999
2194,23011501,0,20230115132629,37.3360445,127.3043363,39.0,1660.0,29.411764,18.431372,11130.0,12.97,36.47059,350.0,12.941176,0.0,0.0,95.0,93.0,0.0,-0.0078125,0.0,0.0,99.0,0.0,0.0,0.0,7.0,0.0,0.0,null,14.577,-0.8968280553817749
2195,23011501,0,20230115132630,37.3360619,127.3042089,39.0,1589.0,29.411764,27.058823,16220.0,17.05,36.47059,350.0,26.27451,0.0859375,0.0,95.0,93.0,0.0,-0.0078125,0.0,0.0,99.0,0.0,0.0,0.0,7.0,0.0,0.0,null,14.577,-0.329349160194397
2196,23011501,0,20230115132631,37.3360795,127.3040861,39.0,1577.0,26.666666,26.666666,16220.0,17.05,36.47059,350.0,31.37255,0.0859375,0.0,95.0,93.0,0.0,-0.0078125,0.0,0.0,99.0,0.0,0.0,0.0,7.0,0.0,0.0,null,14.577,-1.0154889822006226
2197,23011501,0,20230115132632,37.3361013,127.3039644,39.0,1575.0,26.666666,26.666666,11990.0,13.52,36.47059,350.0,23.529411,0.0859375,0.0,95.0,93.0,0.0,-0.0078125,0.0,0.0,99.0,0.0,0.0,0.0,7.0,0.0,0.0,null,14.577,-3.5778040885925293
2198,23011501,0,20230115132633,37.3361336,127.3038465,38.0,1554.0,27.058823,23.137255,11990.0,10.0,36.47059,350.0,20.784313,0.0859375,0.0,93.0,93.0,0.0,-0.0078125,0.0,0.0,99.0,0.0,0.0,0.0,7.0,0.0,0.0,null,14.577,-5.344621181488037
2199,23011501,0,20230115132634,37.33618,127.3037363,37.0,1520.5,31.764706,23.137255,11210.0,9.86,36.47059,350.0,28.235294,0.0859375,0.0,96.0,93.0,0.0,-0.0078125,0.0,0.0,99.0,0.0,0.0,0.0,7.0,0.0,0.0,null,14.577,-3.8472018241882324
2200,23011501,0,20230115132635,37.3362339,127.3036367,38.0,1525.5,31.764706,28.235294,14580.0,14.33,36.47059,350.0,30.980392,0.0859375,0.0,95.0,93.0,0.0,-0.0078125,0.0,0.0,99.0,0.0,0.0,0.0,7.0,0.0,0.0,null,14.577,-3.833409547805786
2201,23011501,0,20230115132636,37.3362957,127.3035447,38.0,1532.5,23.137255,28.235294,14580.0,12.22,36.47059,350.0,30.980392,0.0859375,0.0,91.0,95.0,0.0,-0.0078125,0.0,0.0,99.0,0.0,0.0,0.0,7.0,0.0,0.0,null,14.577,-3.076770782470703
2202,23011501,0,20230115132637,37.3363663,127.3034567,38.0,1500.5,23.137255,16.078432,8100.0,6.33,36.47059,350.0,18.039215,0.0859375,0.0,41.0,95.0,0.0,-0.0078125,0.0,0.0,99.0,0.0,0.0,0.0,7.0,0.0,0.0,null,14.577,-1.0142719745635986
2203,23011501,0,20230115132638,37.3364359,127.3033738,36.0,1500.5,14.509804,14.117647,8100.0,3.08,36.47059,350.0,8.627451,0.0859375,0.0,41.0,95.0,0.0,-0.0078125,0.0,0.0,99.0,0.0,0.0,0.0,7.0,0.0,0.0,null,14.577,0.7156623601913452
2204,23011501,0,20230115132639,37.3364999,127.3032903,34.0,1406.5,14.509804,14.117647,8250.0,3.08,36.47059,350.0,6.6666665,0.0859375,0.0,26.0,95.0,0.0,-0.0078125,0.0,0.0,99.0,0.0,0.0,0.0,8.0,0.0,0.0,null,14.577,2.4455983638763428
2205,23011501,0,20230115132640,37.3365562,127.3032042,32.0,1292.5,14.509804,13.725491,8570.0,2.97,36.47059,350.0,6.27451,0.0859375,0.0,29.0,95.0,0.0,-0.0078125,0.0,0.0,99.0,0.0,0.0,0.0,8.0,0.0,0.0,null,14.577,3.2284343242645264
2206,23011501,0,20230115132641,37.3366014,127.3031189,30.0,1252.5,14.509804,13.725491,8570.0,2.77,36.47059,350.0,6.27451,0.0859375,0.0,29.0,95.0,0.0,-0.0078125,0.0,0.0,99.0,0.0,0.0,0.0,8.0,0.0,0.0,null,14.577,3.6351938247680664
2207,23011501,0,20230115132642,37.3366366,127.3030314,28.0,1444.5,14.509804,13.725491,8570.0,2.86,36.47059,350.0,5.882353,0.0859375,0.0,28.0,95.0,0.0,-0.0078125,0.0,0.0,99.0,0.0,0.0,0.0,8.0,0.0,0.0,null,14.577,4.172788143157959
2208,23011501,0,20230115132643,37.3366676,127.3029401,27.0,1449.5,14.509804,13.725491,8940.0,3.0,36.47059,350.0,5.882353,0.0859375,0.0,28.0,95.0,0.0,-0.0078125,0.0,0.0,99.0,0.0,0.0,0.0,8.0,0.0,0.0,null,14.577,5.139076232910156
2209,23011501,0,20230115132644,37.336683,127.3028532,29.0,1669.5,14.509804,14.117647,8700.0,8.5,36.47059,350.0,19.215687,0.0859375,0.0,80.0,95.0,0.0,-0.0078125,0.0,0.0,99.0,0.0,0.0,0.0,9.0,0.0,0.0,null,14.577,3.06162691116333
2210,23011501,0,20230115132645,37.3366941,127.3027607,31.0,1687.5,21.960785,19.215687,8700.0,8.11,36.47059,350.0,13.333333,0.0859375,0.0,64.0,95.0,0.0,-0.0078125,0.0,0.0,99.0,0.0,0.0,0.0,8.0,0.0,0.0,null,14.577,0.7566502094268799
2211,23011501,0,20230115132646,37.3367046,127.3026636,33.0,1742.5,14.509804,19.215687,8700.0,6.66,36.47059,350.0,13.333333,0.0859375,0.0,42.0,95.0,0.0,-0.0078125,0.0,0.0,99.0,0.0,0.0,0.0,8.0,0.0,0.0,null,14.577,0.0647255927324295
2212,23011501,0,20230115132647,37.3367153,127.3025621,34.0,1742.5,14.509804,14.90196,8960.0,3.83,37.2549,350.0,10.196078,0.0859375,0.0,25.0,95.0,0.0,-0.0078125,0.0,0.0,99.0,0.0,0.0,0.0,8.0,0.0,0.0,null,14.577,0.11923602968454361
2213,23011501,0,20230115132648,37.3367261,127.3024561,32.0,1768.0,14.509804,14.90196,8960.0,3.86,37.2549,350.0,6.6666665,0.0859375,0.0,25.0,95.0,0.0,-0.0078125,0.0,0.0,99.0,0.0,0.0,0.0,8.0,0.0,0.0,null,14.577,-0.19471758604049683
2214,23011501,0,20230115132649,37.3367372,127.3023501,31.0,1666.0,14.509804,14.90196,9300.0,3.86,37.2549,350.0,6.6666665,0.0859375,0.0,28.0,95.0,0.0,-0.0078125,0.0,0.0,99.0,0.0,0.0,0.0,9.0,0.0,0.0,null,14.53,-0.7167139649391174
2215,23011501,0,20230115132650,37.3367481,127.3022486,31.0,1631.0,14.509804,14.509804,9300.0,3.63,37.2549,350.0,7.45098,0.0859375,0.0,36.0,95.0,0.0,-0.0078125,0.0,0.0,99.0,0.0,0.0,0.0,9.0,0.0,0.0,null,14.53,-0.25795963406562805
2216,23011501,0,20230115132651,37.3367579,127.3021513,34.0,1884.0,14.509804,14.509804,9200.0,7.11,37.2549,350.0,7.45098,0.0,0.0,75.0,95.0,0.0,-0.0078125,0.0,0.0,99.0,0.0,0.0,0.0,9.0,0.0,0.0,null,14.53,1.7087599039077759
2217,23011501,0,20230115132652,37.3367642,127.3020448,36.0,2044.5,27.058823,23.137255,9200.0,13.08,37.2549,350.0,20.0,0.0,0.0,87.0,95.0,0.0,-0.0078125,0.0,0.0,99.0,0.0,0.0,0.0,10.0,0.0,0.0,null,14.53,3.542577028274536
2218,23011501,0,20230115132653,37.3367591,127.3019293,40.0,2044.5,27.058823,23.137255,13580.0,13.94,37.2549,350.0,23.137255,0.0,0.0,93.0,95.0,0.0,-0.0078125,0.0,0.0,99.0,0.0,0.0,0.0,9.0,0.0,0.0,null,14.53,5.167661190032959
2219,23011501,0,20230115132654,37.3367391,127.3018118,42.0,1678.0,27.058823,23.137255,12310.0,11.08,37.2549,350.0,21.960785,0.0,0.0,93.0,95.0,0.0,-0.0078125,0.0,0.0,99.0,0.0,0.0,0.0,9.0,0.0,0.0,null,14.53,3.7149887084960938
2220,23011501,0,20230115132655,37.336707,127.3016843,45.0,1741.5,14.509804,20.392157,12310.0,11.08,37.2549,350.0,22.352942,0.0,0.0,92.0,95.0,0.0,-0.0078125,0.0,0.0,99.0,0.0,0.0,0.0,9.0,0.0,0.0,null,14.53,1.273316502571106
2221,23011501,0,20230115132656,37.3366695,127.3015497,46.0,1555.5,14.509804,20.392157,8360.0,12.38,37.2549,350.0,10.196078,0.0,0.0,48.0,95.0,0.0,-0.0078125,0.0,0.0,99.0,0.0,0.0,0.0,8.0,0.0,0.0,null,14.53,0.34024739265441895
2222,23011501,0,20230115132657,37.3366312,127.3014153,46.0,1578.0,14.509804,20.392157,8360.0,3.22,37.2549,350.0,6.6666665,0.0,0.0,26.0,94.0,0.0,-0.0078125,0.0,0.0,99.0,0.0,0.0,0.0,9.0,0.0,0.0,null,14.53,-0.016497937962412834
2223,23011501,0,20230115132658,37.3365902,127.3012727,45.0,1564.0,14.509804,14.509804,8200.0,3.36,37.2549,350.0,6.6666665,0.0,0.0,26.0,94.0,0.0,-0.0078125,0.0,0.0,99.0,0.0,0.0,0.0,9.0,0.0,0.0,null,14.53,-0.7789257168769836
2224,23011501,0,20230115132659,37.336556,127.3011367,42.0,1564.0,14.509804,14.90196,8200.0,3.86,37.2549,350.0,6.6666665,0.0,0.0,28.0,94.0,0.0,-0.0078125,0.0,0.0,99.0,0.0,0.0,0.0,9.0,0.0,0.0,null,14.53,-3.420226573944092
2225,23011501,0,20230115132700,37.3365366,127.3009963,38.0,1679.0,14.509804,14.90196,8830.0,3.86,37.2549,350.0,6.6666665,0.0,0.0,28.0,94.0,0.0,-0.0078125,0.0,0.0,99.0,0.0,0.0,0.0,9.0,0.0,0.0,null,14.53,-3.7877542972564697
2226,23011501,0,20230115132701,37.33653,127.3008718,37.0,1516.0,14.509804,14.117647,8830.0,3.3,37.2549,350.0,6.6666665,0.0,0.0,28.0,94.0,0.0,-0.0078125,0.0,0.0,99.0,0.0,0.0,0.0,9.0,0.0,0.0,null,14.53,-0.8312260508537292
2227,23011501,0,20230115132702,37.3365246,127.3007518,36.0,1454.5,14.509804,14.117647,9020.0,3.16,37.2549,350.0,16.078432,0.0,0.0,29.0,94.0,0.0,-0.0078125,0.0,0.0,99.0,0.0,0.0,0.0,10.0,0.0,0.0,null,14.53,0.034407347440719604
2228,23011501,0,20230115132703,37.3365199,127.3006362,38.0,1630.5,29.019608,26.27451,9020.0,12.47,37.2549,350.0,16.078432,0.0,0.0,96.0,94.0,0.0,-0.0078125,0.0,0.0,99.0,0.0,0.0,0.0,10.0,0.0,0.0,null,14.53,-0.17235858738422394
2229,23011501,0,20230115132704,37.3365147,127.3005161,39.0,1682.0,30.588236,26.27451,15290.0,13.33,37.2549,350.0,25.882353,0.0,0.0,95.0,94.0,0.0,-0.0078125,0.0,0.0,99.0,0.0,0.0,0.0,10.0,0.0,0.0,null,14.53,-0.11677858978509903
2230,23011501,0,20230115132705,37.336509,127.3003916,41.0,1495.5,30.588236,28.62745,15120.0,13.38,37.2549,350.0,29.411764,0.0,0.0,96.0,94.0,0.0,-0.0078125,0.0,0.0,99.0,0.0,0.0,0.0,9.0,0.0,0.0,null,14.53,-0.16615837812423706
2231,23011501,0,20230115132706,37.3365113,127.3002576,43.0,1495.5,30.980392,27.843138,15120.0,14.38,37.2549,350.0,29.019608,0.0,0.0,96.0,94.0,0.0,-0.0078125,0.0,0.0,99.0,0.0,0.0,0.0,9.0,0.0,0.0,null,14.53,-0.12293441593647003
2232,23011501,0,20230115132707,37.3365047,127.3001243,43.0,1497.0,16.470589,27.843138,11530.0,5.75,37.2549,350.0,25.882353,0.0,0.0,96.0,94.0,0.0,-0.0078125,0.0,0.0,99.0,0.0,0.0,0.0,8.0,0.0,0.0,null,14.53,-0.35152679681777954
2233,23011501,0,20230115132708,37.3364996,127.2999818,42.0,1478.5,16.470589,16.470589,11530.0,5.75,38.431374,350.0,8.235294,0.0,0.0,39.0,94.0,0.0,-0.0078125,0.0,0.0,99.0,0.0,0.0,0.0,8.0,0.0,0.0,null,14.53,-0.917147696018219
2234,23011501,0,20230115132709,37.3364995,127.2998482,43.0,1464.5,31.764706,16.470589,9540.0,9.16,38.431374,350.0,28.235294,0.0,0.0,90.0,94.0,0.0,-0.0078125,0.0,0.0,99.0,0.0,0.0,0.0,9.0,0.0,0.0,null,14.53,-1.0498300790786743
2235,23011501,0,20230115132710,37.3365023,127.2997101,43.0,1485.5,31.764706,28.62745,9540.0,15.3,38.431374,350.0,31.37255,0.0,0.0,96.0,94.0,0.0,-0.0078125,0.0,0.0,99.0,0.0,0.0,0.0,9.0,0.0,0.0,null,14.53,-0.13536839187145233
2236,23011501,0,20230115132711,37.3365076,127.2995721,43.0,1480.5,24.705883,28.62745,14980.0,11.8,38.431374,350.0,22.745098,0.0,0.0,93.0,94.0,0.0,-0.0078125,0.0,0.0,99.0,0.0,0.0,0.0,9.0,0.0,0.0,null,14.459,-0.9873881936073303
2237,23011501,0,20230115132712,37.3365173,127.2994346,41.0,1388.0,24.705883,17.647058,8270.0,4.61,38.431374,350.0,22.745098,0.0546875,0.0,32.0,94.0,0.0,-0.0078125,0.0,0.0,99.0,0.0,0.0,0.0,8.0,0.0,0.0,null,14.459,-0.9917525053024292
2238,23011501,0,20230115132713,37.3365307,127.2993064,38.0,1427.5,19.215687,15.686275,8270.0,5.05,38.431374,350.0,7.45098,0.0546875,0.0,44.0,94.0,0.0,-0.0078125,0.0,0.0,99.0,0.0,0.0,0.0,8.0,0.0,0.0,null,14.459,-0.7441104650497437
2239,23011501,0,20230115132714,37.3365454,127.2991831,36.0,1427.5,18.82353,15.686275,7830.0,4.94,38.431374,350.0,9.803922,0.0546875,0.0,44.0,94.0,0.0,-0.0078125,0.0,0.0,99.0,0.0,0.0,0.0,9.0,0.0,0.0,null,14.459,-0.2865225374698639
2240,23011501,0,20230115132715,37.3365596,127.2990642,34.0,1447.0,18.82353,15.294118,7870.0,4.13,38.431374,350.0,10.588235,0.0546875,0.0,44.0,94.0,0.0,-0.0078125,0.0,0.0,99.0,0.0,0.0,0.0,9.0,0.0,0.0,null,14.459,0.3334200382232666
2241,23011501,0,20230115132716,37.3365724,127.298954,33.0,1547.5,17.254902,16.078432,7870.0,6.08,38.431374,350.0,9.411765,0.0546875,0.0,38.0,94.0,0.0,-0.0078125,0.0,0.0,99.0,0.0,0.0,0.0,9.0,0.0,0.0,null,14.459,0.6411080360412598
2242,23011501,0,20230115132717,37.3365856,127.2988484,31.0,1709.0,17.254902,16.078432,8600.0,6.08,38.431374,350.0,7.8431373,0.0546875,0.0,34.0,95.0,0.0,-0.0078125,0.0,0.0,99.0,0.0,0.0,0.0,9.0,0.0,0.0,null,14.459,-1.0286561250686646
2243,23011501,0,20230115132718,37.3365993,127.2987474,31.0,1711.5,21.568628,16.470589,8600.0,6.19,38.431374,350.0,12.54902,0.0546875,0.0,45.0,95.0,0.0,-0.0078125,0.0,0.0,99.0,0.0,0.0,0.0,9.0,0.0,0.0,null,14.459,-0.015490236692130566
2244,23011501,0,20230115132719,37.3366119,127.2986508,30.0,1568.5,21.568628,16.470589,8700.0,5.38,38.431374,350.0,7.0588236,0.0546875,0.0,31.0,95.0,0.0,-0.0078125,0.0,0.0,99.0,0.0,0.0,0.0,9.0,0.0,0.0,null,14.459,0.9262904524803162
2245,23011501,0,20230115132720,37.3366216,127.2985537,28.0,1510.5,14.509804,14.509804,8700.0,3.33,38.431374,350.0,7.0588236,0.0546875,0.0,37.0,95.0,0.0,-0.0078125,0.0,0.0,99.0,0.0,0.0,0.0,9.0,0.0,0.0,null,14.459,1.3186875581741333
2246,23011501,0,20230115132721,37.3366289,127.2984651,29.0,1510.5,31.37255,14.509804,12680.0,15.97,38.431374,350.0,14.90196,0.0546875,0.0,37.0,95.0,0.0,-0.0078125,0.0,0.0,99.0,0.0,0.0,0.0,10.0,0.0,0.0,null,14.459,0.5190061330795288
2247,23011501,0,20230115132722,37.3366355,127.298372,31.0,1741.0,31.37255,29.80392,18060.0,19.0,38.431374,350.0,29.019608,0.0546875,0.0,95.0,95.0,0.0,-0.0078125,0.0,0.0,99.0,0.0,0.0,0.0,9.0,0.0,0.0,null,14.459,-1.1051892042160034
2248,23011501,0,20230115132723,37.3366419,127.2982744,32.0,1698.0,14.509804,29.80392,18060.0,19.0,38.431374,350.0,21.960785,0.0546875,0.0,96.0,95.0,0.0,-0.0078125,0.0,0.0,99.0,0.0,0.0,0.0,9.0,0.0,0.0,null,14.459,0.4045163691043854
2249,23011501,0,20230115132724,37.3366552,127.298165,30.0,1616.0,14.509804,14.90196,18060.0,3.69,38.431374,350.0,5.882353,0.0546875,0.0,25.0,95.0,0.0,-0.0078125,0.0,0.0,99.0,0.0,0.0,0.0,8.0,0.0,0.0,null,14.459,0.35367679595947266
2250,23011501,0,20230115132725,37.3366593,127.2980673,27.0,1486.5,14.509804,14.90196,10830.0,3.22,38.431374,350.0,6.27451,0.0546875,0.0,28.0,95.0,0.0,-0.0078125,0.0,0.0,99.0,0.0,0.0,0.0,9.0,0.0,0.0,null,14.459,0.5383901596069336
2251,23011501,0,20230115132726,37.3366622,127.2979782,22.0,1248.5,14.509804,14.117647,11050.0,2.91,38.431374,350.0,6.27451,0.0546875,0.0,29.0,95.0,0.0,-0.0078125,0.0,0.0,99.0,0.0,0.0,0.0,9.0,0.0,0.0,null,14.459,0.03957768902182579
2252,23011501,0,20230115132727,37.3366653,127.2978982,20.0,1039.0,14.509804,13.333333,11050.0,2.38,38.431374,350.0,6.6666665,0.0546875,0.0,29.0,95.0,0.0,-0.0078125,0.0,0.0,99.0,0.0,0.0,0.0,9.0,0.0,0.0,null,14.459,-0.7240914702415466
2253,23011501,0,20230115132728,37.3366692,127.2978316,17.0,1039.0,14.509804,13.333333,11270.0,1.61,38.431374,350.0,6.27451,0.0546875,0.0,29.0,95.0,0.0,-0.0078125,0.0,0.0,99.0,0.0,0.0,0.0,10.0,0.0,0.0,null,14.459,-0.9091607928276062
2254,23011501,0,20230115132729,37.3366734,127.2977785,13.0,819.5,14.509804,14.117647,11270.0,1.61,38.431374,350.0,8.627451,0.0546875,0.0,29.0,95.0,0.0,-0.0078125,0.0,0.0,99.0,0.0,0.0,0.0,10.0,0.0,0.0,null,14.459,-0.8561022281646729
2255,23011501,0,20230115132730,37.3366776,127.2977342,8.0,727.0,14.509804,14.117647,9160.0,3.0,40.0,350.0,14.90196,0.0546875,0.0,49.0,95.0,0.0,-0.0078125,0.0,0.0,99.0,0.0,0.0,0.0,10.0,0.0,0.0,null,14.459,-0.9457680583000183
2256,23011501,0,20230115132731,37.3366811,127.2977034,6.0,743.5,14.509804,13.725491,9160.0,2.69,40.0,350.0,14.90196,0.0546875,0.0,49.0,95.0,0.0,-0.0078125,0.0,0.0,99.0,0.0,0.0,0.0,11.0,0.0,0.0,null,14.459,-0.8347880244255066
2257,23011501,0,20230115132732,37.3366841,127.2976815,5.0,743.5,14.509804,13.725491,7970.0,2.75,40.0,350.0,14.509804,0.0546875,0.0,49.0,95.0,0.0,-0.0078125,0.0,0.0,99.0,0.0,0.0,0.0,11.0,0.0,0.0,null,14.601,-0.8777851462364197
2258,23011501,0,20230115132733,37.3366869,127.297664,5.0,738.5,14.509804,15.686275,7970.0,2.75,40.0,350.0,15.294118,0.0390625,0.0,49.0,95.0,0.0,-0.0078125,0.0,0.0,99.0,0.0,0.0,0.0,11.0,0.0,0.0,null,14.601,-0.9335213303565979
2259,23011501,0,20230115132734,37.3366902,127.2976467,6.0,1160.0,14.509804,15.686275,8730.0,6.44,40.0,350.0,12.54902,0.0390625,0.0,59.0,95.0,0.0,-0.0078125,0.0,0.0,99.0,0.0,0.0,0.0,11.0,0.0,0.0,null,14.601,-1.9052915573120117
2260,23011501,0,20230115132735,37.3366955,127.2976255,7.0,1003.5,23.529411,15.294118,8730.0,4.88,40.0,350.0,12.54902,0.0390625,0.0,67.0,95.0,0.0,-0.0078125,0.0,0.0,99.0,0.0,0.0,0.0,11.0,0.0,0.0,null,14.601,-3.306359052658081
2261,23011501,0,20230115132736,37.3367027,127.2976052,8.0,1003.5,18.431372,15.294118,8720.0,4.88,40.0,350.0,15.686275,0.0390625,0.0,60.0,95.0,0.0,-0.0078125,0.0,0.0,99.0,0.0,0.0,0.0,11.0,0.0,0.0,null,14.601,-4.081911563873291
2262,23011501,0,20230115132737,37.3367138,127.2975824,9.0,1196.5,18.431372,14.117647,7920.0,4.8,40.0,350.0,11.764706,0.0390625,0.0,60.0,95.0,0.0,-0.0078125,0.0,0.0,99.0,0.0,0.0,0.0,11.0,0.0,0.0,null,14.601,-4.39874792098999
2263,23011501,0,20230115132738,37.3367271,127.2975616,10.0,1054.0,29.80392,14.117647,7920.0,4.8,40.0,350.0,20.392157,0.0390625,0.0,74.0,95.0,0.0,-0.0078125,0.0,0.0,99.0,0.0,0.0,0.0,11.0,0.0,0.0,null,14.601,-3.7621991634368896
2264,23011501,0,20230115132739,37.3367475,127.2975367,13.0,1575.0,29.80392,24.705883,7920.0,10.94,40.0,350.0,22.352942,0.0390625,0.0,94.0,95.0,0.0,-0.0078125,0.0,0.0,99.0,0.0,0.0,0.0,11.0,0.0,0.0,null,14.601,-5.238537788391113
2265,23011501,0,20230115132740,37.336774,127.2975145,16.0,1464.5,27.843138,24.705883,10240.0,8.77,40.0,350.0,22.352942,0.0390625,0.0,93.0,95.0,0.0,-0.0078125,0.0,0.0,99.0,0.0,0.0,0.0,11.0,0.0,0.0,null,14.601,-7.686882495880127
2266,23011501,0,20230115132741,37.3368138,127.2974956,19.0,1727.0,27.843138,27.058823,15440.0,13.61,40.0,350.0,25.490196,0.0390625,0.0,95.0,95.0,0.0,-0.0078125,0.0,0.0,99.0,0.0,0.0,0.0,11.0,0.0,0.0,null,14.601,-6.595835208892822
2267,23011501,0,20230115132742,37.3368591,127.2974848,22.0,1727.0,32.941177,29.411764,15440.0,14.0,40.0,350.0,28.235294,0.0390625,0.0,95.0,95.0,0.0,-0.0078125,0.0,0.0,99.0,0.0,0.0,0.0,10.0,0.0,0.0,null,14.601,-2.7820980548858643
2268,23011501,0,20230115132743,37.3369156,127.2974754,25.0,1346.0,32.941177,29.411764,16400.0,14.0,40.0,350.0,34.509804,0.0390625,0.0,97.0,95.0,0.0,-0.0078125,0.0,0.0,99.0,0.0,0.0,0.0,9.0,0.0,0.0,null,14.601,-0.18912255764007568
2269,23011501,0,20230115132744,37.336979,127.297465,29.0,1493.0,34.117645,29.411764,16400.0,15.91,40.0,350.0,30.980392,0.0390625,0.0,96.0,95.0,0.0,-0.0078125,0.0,0.0,99.0,0.0,0.0,0.0,9.0,0.0,0.0,null,14.601,0.26483240723609924
2270,23011501,0,20230115132745,37.337053,127.297453,29.0,1493.0,34.117645,21.960785,10440.0,4.44,40.0,350.0,30.980392,0.0390625,0.0,35.0,95.0,0.0,-0.0078125,0.0,0.0,99.0,0.0,0.0,0.0,9.0,0.0,0.0,null,14.601,0.013099863193929195
2271,23011501,0,20230115132746,37.3371272,127.297442,29.0,1493.0,25.882353,18.039215,10440.0,11.25,40.0,350.0,6.6666665,0.0390625,0.0,90.0,95.0,0.0,-0.0078125,0.0,0.0,99.0,0.0,0.0,0.0,9.0,0.0,0.0,null,14.601,0.7250143885612488
2272,23011501,0,20230115132747,37.3371974,127.2974285,30.0,1742.0,16.470589,18.039215,11720.0,10.13,40.0,350.0,21.960785,0.0390625,0.0,90.0,95.0,0.0,-0.0078125,0.0,0.0,99.0,0.0,0.0,0.0,10.0,0.0,0.0,null,14.601,2.019399642944336
2273,23011501,0,20230115132748,37.3372736,127.297406,29.0,1637.0,16.470589,14.90196,11720.0,10.13,40.0,350.0,12.941176,0.0390625,0.0,68.0,95.0,0.0,-0.0078125,0.0,0.0,99.0,0.0,0.0,0.0,9.0,0.0,0.0,null,14.601,2.5983054637908936
2274,23011501,0,20230115132749,37.337345,127.2973787,28.0,1466.5,16.470589,14.90196,8080.0,3.38,40.0,350.0,7.8431373,0.0390625,0.0,25.0,95.0,0.0,-0.0078125,0.0,0.0,99.0,0.0,0.0,0.0,9.0,0.0,0.0,null,14.601,2.316774606704712
2275,23011501,0,20230115132750,37.3374108,127.2973452,28.0,1594.0,23.921568,16.862745,8080.0,6.83,40.0,350.0,14.90196,0.0390625,0.0,65.0,95.0,0.0,-0.0078125,0.0,0.0,99.0,0.0,0.0,0.0,10.0,0.0,0.0,null,14.601,3.755134105682373
2276,23011501,0,20230115132751,37.3374734,127.297303,28.0,1629.5,25.882353,16.862745,8430.0,9.72,40.0,350.0,14.90196,0.0390625,0.0,84.0,96.0,0.0,-0.0078125,0.0,0.0,99.0,0.0,0.0,0.0,10.0,0.0,0.0,null,14.601,1.608394742012024
2277,23011501,0,20230115132752,37.3375339,127.2972562,28.0,1629.5,25.882353,16.470589,8090.0,4.36,39.60784,350.0,18.431372,0.0390625,0.0,63.0,96.0,0.0,-0.0078125,0.0,0.0,99.0,0.0,0.0,0.0,10.0,0.0,0.0,null,14.601,1.1924468278884888
2278,23011501,0,20230115132753,37.3376019,127.2972043,28.0,1491.5,25.09804,17.647058,8090.0,6.3,39.60784,350.0,14.90196,0.0390625,0.0,63.0,96.0,0.0,-0.0078125,0.0,0.0,99.0,0.0,0.0,0.0,10.0,0.0,0.0,null,14.601,2.521660566329956
2279,23011501,0,20230115132754,37.3376572,127.2971484,27.0,1499.0,14.509804,17.647058,8000.0,6.3,39.60784,350.0,12.941176,0.0390625,0.0,57.0,96.0,0.0,-0.0078125,0.0,0.0,99.0,0.0,0.0,0.0,10.0,0.0,0.0,null,14.459,2.5989835262298584
2280,23011501,0,20230115132755,37.3377091,127.2970875,22.0,1328.5,14.509804,14.117647,8000.0,3.3,39.60784,350.0,7.0588236,0.0,0.0,28.0,96.0,0.0,-0.0078125,0.0,0.0,99.0,0.0,0.0,0.0,10.0,0.0,0.0,null,14.459,1.3618851900100708
2281,23011501,0,20230115132756,37.3377514,127.2970335,17.0,963.5,14.509804,14.117647,8040.0,2.58,39.60784,350.0,6.27451,0.0,0.0,30.0,96.0,0.0,-0.0078125,0.0,0.0,99.0,0.0,0.0,0.0,10.0,0.0,0.0,null,14.459,0.4744720160961151
2282,23011501,0,20230115132757,37.3377838,127.2969921,14.0,836.5,14.509804,12.54902,8040.0,1.72,39.60784,350.0,10.196078,0.0,0.0,31.0,96.0,0.0,-0.0078125,0.0,0.0,99.0,0.0,0.0,0.0,11.0,0.0,0.0,null,14.459,-3.597001552581787
2283,23011501,0,20230115132758,37.3378179,127.2969604,13.0,910.0,17.647058,12.54902,8030.0,3.16,39.60784,350.0,10.196078,0.0,0.0,48.0,96.0,0.0,0.0,0.0,0.0,99.0,0.0,0.0,0.0,11.0,0.0,0.0,null,14.459,-9.692079544067383
2284,23011501,0,20230115132759,37.3378515,127.2969465,11.0,910.0,17.647058,17.254902,8650.0,6.75,39.60784,350.0,14.117647,0.0,0.0,48.0,96.0,0.0,0.0,0.0,0.0,99.0,0.0,0.0,0.0,11.0,0.0,0.0,null,14.459,-11.2791109085083
2285,23011501,0,20230115132800,37.3378833,127.2969473,10.0,1470.0,22.745098,15.294118,8650.0,6.75,39.60784,350.0,20.0,0.0,0.0,90.0,96.0,0.0,0.0,0.0,0.0,99.0,0.0,0.0,0.0,11.0,0.0,0.0,null,14.459,-10.306524276733398
2286,23011501,0,20230115132801,37.3379102,127.2969587,6.0,970.0,22.745098,15.294118,9830.0,4.88,39.60784,350.0,14.509804,0.0,0.0,61.0,96.0,0.0,0.0,0.0,0.0,99.0,0.0,0.0,0.0,11.0,0.0,0.0,null,14.459,-7.706274032592773
2287,23011501,0,20230115132802,37.3379286,127.2969722,5.0,1467.5,27.450981,15.294118,9830.0,9.05,39.60784,350.0,20.0,0.0,0.0,89.0,96.0,0.0,0.0,0.0,0.0,99.0,0.0,0.0,0.0,11.0,0.0,0.0,null,14.459,-3.79156231880188
2288,23011501,0,20230115132803,37.3379401,127.2969827,5.0,874.5,27.450981,18.431372,7870.0,4.27,39.60784,350.0,20.0,0.0,0.0,46.0,96.0,0.0,0.0,0.0,0.0,99.0,0.0,0.0,0.0,11.0,0.0,0.0,null,14.459,-3.0766713619232178
2289,23011501,0,20230115132804,37.3379508,127.2969944,5.0,874.5,22.352942,15.294118,7870.0,4.47,39.60784,350.0,16.078432,0.0,0.0,46.0,96.0,0.0,0.0,0.0,0.0,99.0,0.0,0.0,0.0,11.0,0.0,0.0,null,14.459,-3.8366987705230713
2290,23011501,0,20230115132805,37.3379602,127.2970078,6.0,1045.5,22.352942,15.294118,7870.0,4.47,39.60784,350.0,14.509804,0.0,0.0,66.0,96.0,0.0,0.0,0.0,0.0,99.0,0.0,0.0,0.0,11.0,0.0,0.0,null,14.459,-8.055376052856445
2291,23011501,0,20230115132806,37.3379673,127.297028,7.0,1130.5,22.745098,15.294118,7870.0,4.97,39.60784,350.0,14.117647,0.0,0.0,66.0,96.0,0.0,0.0,0.0,0.0,99.0,0.0,0.0,0.0,11.0,0.0,0.0,null,14.459,-13.079166412353516
2292,23011501,0,20230115132807,37.3379677,127.2970501,8.0,1064.5,22.745098,15.294118,7940.0,4.11,39.60784,350.0,13.725491,0.0,0.0,62.0,96.0,0.0,0.0,0.0,0.0,99.0,0.0,0.0,0.0,11.0,0.0,0.0,null,14.459,-13.423267364501953
2293,23011501,0,20230115132808,37.3379584,127.2970789,9.0,1178.0,25.09804,16.078432,7940.0,5.25,39.60784,350.0,13.725491,0.0,0.0,72.0,96.0,0.0,0.0,0.0,0.0,99.0,0.0,0.0,0.0,11.0,0.0,0.0,null,14.459,-10.858935356140137
2294,23011501,0,20230115132809,37.3379424,127.2971027,12.0,1178.0,25.882353,16.078432,7890.0,6.13,39.60784,350.0,15.686275,0.0,0.0,72.0,96.0,0.0,0.0,0.0,0.0,99.0,0.0,0.0,0.0,11.0,0.0,0.0,null,14.459,-5.97222375869751
2295,23011501,0,20230115132810,37.3379216,127.2971269,13.0,1251.0,25.882353,14.90196,7940.0,3.55,39.60784,350.0,14.90196,0.0,0.0,74.0,96.0,0.0,0.0,0.0,0.0,99.0,0.0,0.0,0.0,11.0,0.0,0.0,null,14.459,-1.410241723060608
2296,23011501,0,20230115132811,37.3378975,127.2971534,14.0,1134.5,23.529411,15.686275,7940.0,3.55,39.60784,350.0,10.980392,0.0,0.0,49.0,96.0,0.0,0.0,0.0,0.0,99.0,0.0,0.0,0.0,11.0,0.0,0.0,null,14.459,0.020412186160683632
2297,23011501,0,20230115132812,37.3378708,127.2971827,14.0,1278.0,23.529411,15.686275,7830.0,5.11,39.60784,350.0,12.941176,0.0,0.0,58.0,96.0,0.0,0.0,0.0,0.0,99.0,0.0,0.0,0.0,11.0,0.0,0.0,null,14.459,0.38736915588378906
2298,23011501,0,20230115132813,37.3378417,127.2972154,15.0,1252.5,14.509804,15.686275,7830.0,4.58,39.60784,350.0,8.235294,0.0,0.0,34.0,96.0,0.0,0.0,0.0,0.0,99.0,0.0,0.0,0.0,11.0,0.0,0.0,null,14.459,0.101302370429039
2299,23011501,0,20230115132814,37.337815,127.2972449,13.0,1046.0,14.509804,12.941176,7920.0,1.83,38.431374,350.0,8.235294,0.0,0.0,37.0,96.0,0.0,0.0,0.0,0.0,99.0,0.0,0.0,0.0,11.0,0.0,0.0,null,14.459,-1.1686197519302368
2300,23011501,0,20230115132815,37.3377873,127.2972727,14.0,1046.0,21.568628,15.294118,7920.0,1.83,38.431374,350.0,10.588235,0.0,0.0,37.0,96.0,0.0,0.0,0.0,0.0,99.0,0.0,0.0,0.0,11.0,0.0,0.0,null,14.459,-1.0293810367584229
2301,23011501,0,20230115132816,37.3377589,127.2972996,14.0,1309.0,21.568628,15.294118,7920.0,3.94,38.431374,350.0,10.196078,0.0,0.0,45.0,96.0,0.0,0.0,0.0,0.0,99.0,0.0,0.0,0.0,11.0,0.0,0.0,null,14.459,1.1162550449371338
2302,23011501,0,20230115132817,37.3377291,127.2973313,14.0,783.0,14.509804,15.294118,7950.0,1.97,38.431374,350.0,10.196078,0.0,0.0,32.0,96.0,0.0,0.0,0.0,0.0,99.0,0.0,0.0,0.0,11.0,0.0,0.0,null,14.412,6.4146952629089355
2303,23011501,0,20230115132818,37.3377107,127.2973638,13.0,783.0,14.509804,13.333333,7820.0,1.97,38.431374,350.0,10.196078,0.0078125,0.0,32.0,96.0,0.0,0.0,0.0,0.0,99.0,0.0,0.0,0.0,11.0,0.0,0.0,null,14.412,13.356328964233398
2304,23011501,0,20230115132819,37.3377048,127.2974028,14.0,1244.5,14.509804,13.333333,7820.0,3.44,38.431374,350.0,13.725491,0.0078125,0.0,65.0,96.0,0.0,0.0,0.0,0.0,99.0,0.0,0.0,0.0,12.0,0.0,0.0,null,14.412,16.010684967041016
2305,23011501,0,20230115132820,37.3377151,127.2974403,12.0,932.5,16.078432,14.117647,7820.0,3.19,38.431374,350.0,13.725491,0.0078125,0.0,34.0,96.0,0.0,0.0,0.0,0.0,99.0,0.0,0.0,0.0,12.0,0.0,0.0,null,14.412,15.151898384094238
2306,23011501,0,20230115132821,37.337735,127.2974655,11.0,932.5,14.509804,14.117647,7910.0,1.83,38.431374,350.0,8.627451,0.0078125,0.0,34.0,96.0,0.0,0.0,0.0,0.0,99.0,0.0,0.0,0.0,12.0,0.0,0.0,null,14.412,10.076042175292969
2307,23011501,0,20230115132822,37.3377594,127.2974837,9.0,785.0,14.509804,14.509804,7910.0,1.83,38.431374,350.0,10.196078,0.0078125,0.0,37.0,96.0,0.0,0.0,0.0,0.0,99.0,0.0,0.0,0.0,12.0,0.0,0.0,null,14.412,4.095329284667969
2308,23011501,0,20230115132823,37.3377821,127.2974966,10.0,948.5,14.509804,14.509804,7810.0,3.61,38.431374,350.0,11.372549,0.0078125,0.0,50.0,96.0,0.0,0.0,0.0,0.0,99.0,0.0,0.0,0.0,12.0,0.0,0.0,null,14.412,3.173816680908203
2309,23011501,0,20230115132824,37.3378056,127.2975063,10.0,948.5,22.745098,14.90196,7810.0,3.72,38.431374,350.0,11.372549,0.0078125,0.0,50.0,96.0,0.0,0.0,0.0,0.0,99.0,0.0,0.0,0.0,12.0,0.0,0.0,null,14.412,4.368572235107422
2310,23011501,0,20230115132825,37.3378301,127.297512,10.0,1000.5,23.921568,14.90196,7900.0,3.72,38.431374,350.0,12.54902,0.0078125,0.0,50.0,96.0,0.0,0.0,0.0,0.0,99.0,0.0,0.0,0.0,12.0,0.0,0.0,null,14.412,4.6878981590271
2311,23011501,0,20230115132826,37.337855,127.2975129,11.0,1028.5,23.921568,14.90196,7900.0,4.0,38.431374,350.0,14.90196,0.0078125,0.0,64.0,96.0,0.0,0.0,0.0,0.0,99.0,0.0,0.0,0.0,13.0,0.0,0.0,null,14.412,6.326035499572754
2312,23011501,0,20230115132827,37.3378759,127.2975077,11.0,1162.5,23.921568,16.470589,7930.0,4.83,38.431374,350.0,14.90196,0.0078125,0.0,61.0,96.0,0.0,0.0,0.0,0.0,99.0,0.0,0.0,0.0,13.0,0.0,0.0,null,14.412,6.715111255645752
2313,23011501,0,20230115132828,37.3379026,127.2974957,11.0,1162.5,25.09804,16.078432,7930.0,5.11,38.431374,350.0,12.941176,0.0078125,0.0,61.0,96.0,0.0,0.0,0.0,0.0,99.0,0.0,0.0,0.0,12.0,0.0,0.0,null,14.412,-0.19761289656162262
2314,23011501,0,20230115132829,37.3379298,127.297485,12.0,1109.0,25.09804,16.078432,7910.0,5.11,38.431374,350.0,11.764706,0.0078125,0.0,62.0,96.0,0.0,0.0,0.0,0.0,99.0,0.0,0.0,0.0,12.0,0.0,0.0,null,14.412,-1.5978236198425293
2315,23011501,0,20230115132830,37.3379606,127.2974745,13.0,1149.5,20.784313,16.078432,7910.0,3.58,38.431374,350.0,11.764706,0.0078125,0.0,58.0,96.0,0.0,0.0,0.0,0.0,99.0,0.0,0.0,0.0,12.0,0.0,0.0,null,14.412,0.1686866283416748
2316,23011501,0,20230115132831,37.3379915,127.2974635,14.0,1149.5,20.784313,16.862745,7960.0,3.88,38.431374,350.0,14.509804,0.0078125,0.0,58.0,96.0,0.0,0.0,0.0,0.0,99.0,0.0,0.0,0.0,12.0,0.0,0.0,null,14.412,2.025709867477417
2317,23011501,0,20230115132832,37.3380332,127.2974532,14.0,1204.0,16.862745,16.862745,7960.0,3.88,38.431374,350.0,10.196078,0.0078125,0.0,46.0,96.0,0.0,0.0,0.0,0.0,99.0,0.0,0.0,0.0,12.0,0.0,0.0,null,14.412,2.5807673931121826
2318,23011501,0,20230115132833,37.3380655,127.2974344,13.0,1075.0,16.862745,15.294118,7960.0,3.58,38.431374,350.0,7.8431373,0.0078125,0.0,33.0,96.0,0.0,0.0,0.0,0.0,99.0,0.0,0.0,0.0,12.0,0.0,0.0,null,14.412,1.9230897426605225
2319,23011501,0,20230115132834,37.3380971,127.297414,12.0,1015.0,17.254902,15.294118,7940.0,2.05,38.431374,350.0,7.8431373,0.0078125,0.0,39.0,96.0,0.0,0.0,0.0,0.0,99.0,0.0,0.0,0.0,12.0,0.0,0.0,null,14.412,-1.4213621616363525
2320,23011501,0,20230115132835,37.3381262,127.2973976,13.0,1015.0,17.254902,14.90196,7930.0,3.58,38.431374,350.0,10.196078,0.0078125,0.0,39.0,96.0,0.0,0.0,0.0,0.0,99.0,0.0,0.0,0.0,12.0,0.0,0.0,null,14.412,-1.13555908203125
2321,23011501,0,20230115132836,37.3381556,127.2973816,12.0,1170.0,14.509804,14.90196,7930.0,3.58,38.431374,350.0,9.411765,0.0078125,0.0,43.0,96.0,0.0,0.0,0.0,0.0,99.0,0.0,0.0,0.0,12.0,0.0,0.0,null,14.412,0.8542236089706421
2322,23011501,0,20230115132837,37.3381846,127.2973646,12.0,792.5,14.509804,12.54902,7930.0,2.11,38.431374,350.0,10.588235,0.0078125,0.0,33.0,96.0,0.0,0.0,0.0,0.0,99.0,0.0,0.0,0.0,13.0,0.0,0.0,null,14.412,1.5771030187606812
2323,23011501,0,20230115132838,37.3382127,127.2973453,11.0,792.5,14.509804,12.54902,7930.0,1.8,38.431374,350.0,10.588235,0.0078125,0.0,37.0,96.0,0.0,0.0,0.0,0.0,99.0,0.0,0.0,0.0,13.0,0.0,0.0,null,14.412,5.519653797149658
2324,23011501,0,20230115132839,37.3382344,127.2973224,11.0,754.5,14.509804,13.725491,7930.0,1.8,40.0,350.0,10.588235,0.0078125,0.0,37.0,96.0,0.0,0.0,0.0,0.0,99.0,0.0,0.0,0.0,13.0,0.0,0.0,null,14.412,9.557530403137207
2325,23011501,0,20230115132840,37.3382474,127.2972961,9.0,768.5,14.509804,13.725491,7870.0,2.02,40.0,350.0,12.156863,0.0078125,0.0,37.0,96.0,0.0,0.0,0.0,0.0,99.0,0.0,0.0,0.0,13.0,0.0,0.0,null,14.412,13.723479270935059
2326,23011501,0,20230115132841,37.3382501,127.2972654,5.0,738.5,14.509804,14.117647,7870.0,3.22,40.0,350.0,12.156863,0.0078125,0.0,50.0,96.0,0.0,0.0,0.0,0.0,99.0,0.0,0.0,0.0,13.0,0.0,0.0,null,14.412,11.064302444458008
2327,23011501,0,20230115132842,37.3382471,127.297248,3.0,738.5,14.509804,14.117647,7950.0,2.94,40.0,350.0,15.294118,0.0078125,0.0,50.0,96.0,0.0,0.0,0.0,0.0,99.0,0.0,0.0,0.0,14.0,0.0,0.0,null,14.53,6.278738021850586
2328,23011501,0,20230115132843,37.3382446,127.2972397,0.0,748.5,14.509804,13.725491,7950.0,2.94,40.0,350.0,14.90196,-0.0078125,0.0,49.0,96.0,0.0,0.0,0.0,0.0,99.0,0.0,0.0,0.0,14.0,0.0,0.0,null,14.53,1.3547554016113281
2329,23011501,0,20230115132844,37.3382446,127.2972397,0.0,754.0,14.509804,13.725491,7910.0,2.88,40.0,350.0,14.117647,-0.0078125,0.0,51.0,96.0,0.0,0.0,0.0,0.0,99.0,0.0,0.0,0.0,14.0,0.0,0.0,null,14.53,-0.02407097816467285
2330,23011501,0,20230115132845,37.3382446,127.2972397,0.0,784.0,14.509804,14.117647,7910.0,3.11,40.0,350.0,14.117647,-0.0078125,0.0,50.0,96.0,0.0,0.0,0.0,0.0,99.0,0.0,0.0,0.0,14.0,0.0,0.0,null,14.53,-0.6967774033546448
2331,23011501,0,20230115132846,37.3382446,127.2972397,2.0,784.0,14.509804,14.117647,7870.0,3.52,40.0,350.0,17.254902,-0.0078125,0.0,50.0,96.0,0.0,-0.0078125,0.0,0.0,99.0,0.0,0.0,0.0,14.0,0.0,0.0,null,14.53,0.12714025378227234
2332,23011501,0,20230115132847,37.3382459,127.2972438,3.0,813.0,14.509804,14.509804,7870.0,3.52,40.0,350.0,16.470589,-0.0078125,0.0,44.0,96.0,0.0,-0.0078125,0.0,0.0,99.0,0.0,0.0,0.0,13.0,0.0,0.0,null,14.53,0.6601653695106506
2333,23011501,0,20230115132848,37.3382485,127.2972521,2.0,736.0,14.509804,14.509804,7850.0,3.08,40.0,350.0,16.862745,-0.0078125,0.0,45.0,96.0,0.0,-0.0078125,0.0,0.0,99.0,0.0,0.0,0.0,13.0,0.0,0.0,null,14.53,1.4416311979293823
2334,23011501,0,20230115132849,37.3382515,127.2972602,2.0,740.5,14.509804,14.117647,7850.0,3.16,40.0,350.0,16.862745,-0.0078125,0.0,43.0,96.0,0.0,-0.0078125,0.0,0.0,99.0,0.0,0.0,0.0,13.0,0.0,0.0,null,14.53,3.231431007385254
2335,23011501,0,20230115132850,37.3382552,127.2972679,2.0,740.5,14.509804,14.117647,7870.0,3.11,40.0,350.0,15.294118,-0.0078125,0.0,43.0,96.0,0.0,-0.0078125,0.0,0.0,99.0,0.0,0.0,0.0,13.0,0.0,0.0,null,14.53,3.250121593475342
2336,23011501,0,20230115132851,37.3382593,127.297275,0.0,741.0,14.509804,14.117647,7830.0,3.11,40.0,350.0,15.686275,-0.0078125,0.0,43.0,96.0,0.0,-0.0078125,0.0,0.0,99.0,0.0,0.0,0.0,13.0,0.0,0.0,null,14.53,1.9627703428268433
2337,23011501,0,20230115132852,37.3382616,127.2972784,0.0,740.5,14.509804,14.117647,7830.0,3.11,40.0,350.0,16.078432,-0.0078125,0.0,46.0,96.0,0.0,-0.0078125,0.0,0.0,99.0,0.0,0.0,0.0,13.0,0.0,0.0,null,14.53,0.41609808802604675
2338,23011501,0,20230115132853,37.3382639,127.2972819,0.0,751.0,14.509804,14.117647,7830.0,3.25,40.0,350.0,14.90196,-0.0078125,0.0,43.0,96.0,0.0,-0.0078125,0.0,0.0,99.0,0.0,0.0,0.0,13.0,0.0,0.0,null,14.53,-0.36545392870903015
2339,23011501,0,20230115132854,37.3382661,127.2972853,0.0,751.0,14.509804,14.117647,7900.0,3.11,40.0,350.0,14.90196,-0.0078125,0.0,42.0,96.0,0.0,-0.0078125,0.0,0.0,99.0,0.0,0.0,0.0,13.0,0.0,0.0,null,14.53,-0.16673517227172852
2340,23011501,0,20230115132855,37.3382683,127.2972888,0.0,739.0,14.509804,14.117647,7850.0,3.16,40.0,350.0,15.294118,-0.0078125,0.0,42.0,96.0,0.0,-0.0078125,0.0,0.0,99.0,0.0,0.0,0.0,13.0,0.0,0.0,null,14.53,0.13931967318058014
2341,23011501,0,20230115132856,37.3382683,127.2972888,0.0,737.0,14.509804,14.117647,7850.0,3.16,40.0,350.0,15.686275,-0.0078125,0.0,43.0,96.0,0.0,-0.0078125,0.0,0.0,99.0,0.0,0.0,0.0,14.0,0.0,0.0,null,14.53,0.10843995213508606
2342,23011501,0,20230115132857,37.3382706,127.2972923,0.0,754.0,14.509804,14.117647,7850.0,3.11,40.0,350.0,14.90196,-0.0078125,0.0,42.0,96.0,0.0,-0.0078125,0.0,0.0,99.0,0.0,0.0,0.0,14.0,0.0,0.0,null,14.53,-0.01591075211763382
2343,23011501,0,20230115132858,37.3382706,127.2972923,0.0,746.5,14.509804,14.117647,7980.0,3.19,40.0,350.0,14.90196,-0.0078125,0.0,43.0,96.0,0.0,-0.0078125,0.0,0.0,99.0,0.0,0.0,0.0,14.0,0.0,0.0,null,14.53,0.04329732805490494
2344,23011501,0,20230115132859,37.3382706,127.2972923,0.0,746.5,14.509804,14.117647,7900.0,3.16,40.0,350.0,15.294118,-0.0078125,0.0,43.0,96.0,0.0,-0.0078125,0.0,0.0,99.0,0.0,0.0,0.0,14.0,0.0,0.0,null,14.53,-0.0041600000113248825
2345,23011501,0,20230115132900,37.3382706,127.2972923,0.0,746.0,14.509804,14.117647,7900.0,3.16,40.0,350.0,14.90196,-0.0078125,0.0,42.0,96.0,0.0,-0.0078125,0.0,0.0,99.0,0.0,0.0,0.0,14.0,0.0,0.0,null,14.53,-0.0013377242721617222
2346,23011501,0,20230115132901,37.3382706,127.2972923,0.0,747.0,14.509804,14.117647,7950.0,3.13,40.0,350.0,15.294118,-0.0078125,0.0,42.0,96.0,0.0,-0.0078125,0.0,0.0,99.0,0.0,0.0,0.0,14.0,0.0,0.0,null,14.53,-0.0029033597093075514
2347,23011501,0,20230115132902,37.3382706,127.2972923,0.0,740.5,14.509804,14.117647,7950.0,3.13,40.0,350.0,15.294118,-0.0078125,0.0,42.0,96.0,0.0,-0.0078125,0.0,0.0,99.0,0.0,0.0,0.0,14.0,0.0,0.0,null,14.53,-0.0013469400582835078
2348,23011501,0,20230115132903,37.3382706,127.2972923,0.0,740.5,14.509804,14.117647,7950.0,3.19,41.17647,350.0,15.294118,-0.0078125,0.0,42.0,96.0,0.0,-0.0078125,0.0,0.0,99.0,0.0,0.0,0.0,14.0,0.0,0.0,null,14.53,-0.0013293296797201037
2349,23011501,0,20230115132904,37.3382706,127.2972923,0.0,741.5,14.509804,14.117647,7950.0,3.19,41.17647,350.0,14.90196,-0.0078125,0.0,42.0,96.0,0.0,-0.0078125,0.0,0.0,99.0,0.0,0.0,0.0,14.0,0.0,0.0,null,14.53,0.0007376771536655724
2350,23011501,0,20230115132905,37.3382706,127.2972923,0.0,745.0,14.509804,14.117647,7950.0,3.11,41.17647,350.0,15.294118,-0.0078125,0.0,43.0,96.0,0.0,-0.0078125,0.0,0.0,99.0,0.0,0.0,0.0,14.0,0.0,0.0,null,14.53,0.0013157952344045043
2351,23011501,0,20230115132906,37.3382706,127.2972923,0.0,742.5,14.509804,14.117647,7960.0,3.11,41.17647,350.0,15.294118,-0.0078125,0.0,43.0,96.0,0.0,-0.0078125,0.0,0.0,99.0,0.0,0.0,0.0,14.0,0.0,0.0,null,14.459,0.005350732710212469
2352,23011501,0,20230115132907,37.3382706,127.2972923,0.0,742.5,14.509804,14.117647,7880.0,3.22,41.17647,350.0,15.294118,-0.0703125,0.0,43.0,96.0,0.0,-0.0078125,0.0,0.0,99.0,0.0,0.0,0.0,14.0,0.0,0.0,null,14.459,0.002189180115237832
2353,23011501,0,20230115132908,37.3382706,127.2972923,0.0,744.0,14.509804,14.117647,7880.0,3.22,41.17647,350.0,14.90196,-0.0703125,0.0,42.0,96.0,0.0,-0.0078125,0.0,0.0,99.0,0.0,0.0,0.0,14.0,0.0,0.0,null,14.459,0.002856972860172391
2354,23011501,0,20230115132909,37.3382706,127.2972923,0.0,743.5,14.509804,14.117647,7880.0,3.16,41.17647,350.0,15.294118,-0.0703125,0.0,42.0,96.0,0.0,-0.0078125,0.0,0.0,99.0,0.0,0.0,0.0,14.0,0.0,0.0,null,14.459,-0.0011788654373958707
2355,23011501,0,20230115132910,37.3382706,127.2972923,0.0,741.5,14.509804,14.117647,7950.0,3.13,41.17647,350.0,15.294118,-0.0703125,0.0,42.0,96.0,0.0,-0.015625,0.0,0.0,99.0,0.0,0.0,0.0,14.0,0.0,0.0,null,14.459,0.00095739820972085
2356,23011501,0,20230115132911,37.3382706,127.2972923,0.0,741.5,14.509804,14.117647,7910.0,3.13,41.17647,350.0,15.294118,-0.0703125,0.0,42.0,96.0,0.0,-0.015625,0.0,0.0,99.0,0.0,0.0,0.0,14.0,0.0,0.0,null,14.459,0.006109784357249737
2357,23011501,0,20230115132912,37.3382706,127.2972923,0.0,742.0,14.509804,14.117647,7910.0,3.13,41.17647,350.0,15.294118,-0.0703125,0.0,42.0,96.0,0.0,-0.015625,0.0,0.0,99.0,0.0,0.0,0.0,14.0,0.0,0.0,null,14.459,-0.0014242703327909112
2358,23011501,0,20230115132913,37.3382706,127.2972923,0.0,745.0,14.509804,14.117647,7910.0,3.13,41.17647,350.0,14.90196,-0.0703125,0.0,43.0,96.0,0.0,-0.015625,0.0,0.0,99.0,0.0,0.0,0.0,14.0,0.0,0.0,null,14.459,-0.000500993977766484
2359,23011501,0,20230115132914,37.3382706,127.2972923,0.0,743.5,14.509804,14.117647,7920.0,3.13,41.17647,350.0,14.90196,-0.0703125,0.0,42.0,96.0,0.0,-0.015625,0.0,0.0,99.0,0.0,0.0,0.0,14.0,0.0,0.0,null,14.459,-0.001388216856867075
2360,23011501,0,20230115132915,37.3382706,127.2972923,0.0,743.5,14.509804,14.117647,7940.0,3.13,41.17647,350.0,15.294118,-0.0703125,0.0,42.0,96.0,0.0,-0.015625,0.0,0.0,99.0,0.0,0.0,0.0,14.0,0.0,0.0,null,14.459,0.006349377334117889
2361,23011501,0,20230115132916,37.3382706,127.2972923,0.0,736.5,14.509804,14.117647,7940.0,3.13,41.17647,350.0,15.294118,-0.0703125,0.0,42.0,96.0,0.0,-0.015625,0.0,0.0,99.0,0.0,0.0,0.0,14.0,0.0,0.0,null,14.459,0.003995013423264027
2362,23011501,0,20230115132917,37.3382706,127.2972923,0.0,734.5,14.509804,14.117647,7940.0,3.11,41.17647,350.0,15.294118,-0.0703125,0.0,42.0,96.0,0.0,-0.015625,0.0,0.0,99.0,0.0,0.0,0.0,14.0,0.0,0.0,null,14.459,0.0014042396796867251
2363,23011501,0,20230115132918,37.3382706,127.2972923,0.0,734.0,14.509804,14.117647,7970.0,3.08,41.17647,350.0,15.294118,-0.0703125,0.0,42.0,96.0,0.0,-0.015625,0.0,0.0,99.0,0.0,0.0,0.0,14.0,0.0,0.0,null,14.459,-0.0005016770446673036
2364,23011501,0,20230115132919,37.3382706,127.2972923,0.0,734.0,14.509804,14.117647,7840.0,3.13,41.17647,350.0,15.294118,-0.0703125,0.0,42.0,96.0,0.0,-0.015625,0.0,0.0,99.0,0.0,0.0,0.0,14.0,0.0,0.0,null,14.459,-0.002109307097271085
2365,23011501,0,20230115132920,37.3382706,127.2972923,0.0,739.0,14.509804,14.117647,7840.0,3.13,41.17647,350.0,15.294118,-0.0703125,0.0,42.0,96.0,0.0,-0.015625,0.0,0.0,99.0,0.0,0.0,0.0,14.0,0.0,0.0,null,14.459,0.0037739353720098734
2366,23011501,0,20230115132921,37.3382706,127.2972923,0.0,742.0,14.509804,14.117647,7920.0,3.11,41.17647,350.0,15.294118,-0.0703125,0.0,43.0,96.0,0.0,-0.015625,0.0,0.0,99.0,0.0,0.0,0.0,14.0,0.0,0.0,null,14.459,0.009586161002516747
2367,23011501,0,20230115132922,37.3382706,127.2972923,0.0,734.5,14.509804,14.117647,7920.0,3.11,41.17647,350.0,15.294118,-0.0703125,0.0,42.0,96.0,0.0,-0.015625,0.0,0.0,99.0,0.0,0.0,0.0,14.0,0.0,0.0,null,14.459,0.003234914969652891
2368,23011501,0,20230115132923,37.3382706,127.2972923,0.0,740.0,14.509804,14.117647,7960.0,3.11,41.17647,350.0,15.294118,-0.0703125,0.0,42.0,96.0,0.0,-0.015625,0.0,0.0,99.0,0.0,0.0,0.0,14.0,0.0,0.0,null,14.459,0.002019027480855584
2369,23011501,0,20230115132924,37.3382706,127.2972923,0.0,740.0,14.509804,14.117647,7960.0,3.11,41.17647,350.0,15.294118,-0.0703125,0.0,42.0,96.0,0.0,-0.015625,0.0,0.0,99.0,0.0,0.0,0.0,14.0,0.0,0.0,null,14.459,0.0004103891842532903
2370,23011501,0,20230115132925,37.3382706,127.2972923,0.0,736.0,14.509804,14.117647,7860.0,3.11,41.17647,350.0,15.294118,-0.0703125,0.0,42.0,96.0,0.0,-0.015625,0.0,0.0,99.0,0.0,0.0,0.0,14.0,0.0,0.0,null,14.459,-0.0031492633279412985
2371,23011501,0,20230115132926,37.3382706,127.2972923,0.0,742.0,14.509804,14.117647,7860.0,3.11,41.17647,350.0,15.686275,-0.0703125,0.0,42.0,96.0,0.0,-0.015625,0.0,0.0,99.0,0.0,0.0,0.0,14.0,0.0,0.0,null,14.459,-0.0025284725707024336
2372,23011501,0,20230115132927,37.3382706,127.2972923,0.0,740.0,14.509804,14.117647,7940.0,3.13,41.17647,350.0,15.686275,-0.0703125,0.0,42.0,96.0,0.0,-0.015625,0.0,0.0,99.0,0.0,0.0,0.0,14.0,0.0,0.0,null,14.459,0.00038492694147862494
2373,23011501,0,20230115132928,37.3382706,127.2972923,0.0,740.0,14.509804,14.117647,7940.0,3.13,41.17647,350.0,15.686275,-0.0703125,0.0,42.0,96.0,0.0,-0.015625,0.0,0.0,99.0,0.0,0.0,0.0,14.0,0.0,0.0,null,14.459,-0.0010316077386960387
2374,23011501,0,20230115132929,37.3382706,127.2972923,0.0,733.0,14.509804,14.117647,7940.0,3.13,41.17647,350.0,15.294118,-0.0703125,0.0,42.0,96.0,0.0,-0.015625,0.0,0.0,99.0,0.0,0.0,0.0,14.0,0.0,0.0,null,14.412,-0.004199181217700243
2375,23011501,0,20230115132930,37.3382706,127.2972923,0.0,738.5,14.509804,14.117647,7940.0,3.11,41.17647,350.0,15.294118,-0.0703125,0.0,42.0,96.0,0.0,-0.015625,0.0,0.0,99.0,0.0,0.0,0.0,14.0,0.0,0.0,null,14.412,0.00205408432520926
2376,23011501,0,20230115132931,37.3382706,127.2972923,0.0,735.5,14.509804,14.117647,7850.0,3.11,41.17647,350.0,15.294118,-0.046875,0.0,42.0,96.0,0.0,-0.015625,0.0,0.0,99.0,0.0,0.0,0.0,14.0,0.0,0.0,null,14.412,0.013660657219588757
2377,23011501,0,20230115132932,37.3382706,127.2972923,0.0,735.5,14.509804,14.117647,7850.0,3.11,41.17647,350.0,15.294118,-0.046875,0.0,42.0,96.0,0.0,-0.015625,0.0,0.0,99.0,0.0,0.0,0.0,14.0,0.0,0.0,null,14.412,0.0040393550880253315
2378,23011501,0,20230115132933,37.3382706,127.2972923,0.0,740.5,14.509804,14.117647,7880.0,3.11,41.17647,350.0,15.294118,-0.046875,0.0,42.0,96.0,0.0,-0.0390625,0.0,0.0,99.0,0.0,0.0,0.0,14.0,0.0,0.0,null,14.412,-0.006893000565469265
2379,23011501,0,20230115132934,37.3382706,127.2972923,0.0,742.0,14.509804,14.117647,7880.0,3.11,41.17647,350.0,15.294118,-0.046875,0.0,43.0,96.0,0.0,-0.0390625,0.0,0.0,99.0,0.0,0.0,0.0,14.0,0.0,0.0,null,14.412,-0.0007675830856896937
2380,23011501,0,20230115132935,37.3382706,127.2972923,0.0,747.5,14.509804,14.117647,7830.0,3.27,41.17647,350.0,15.294118,-0.046875,0.0,42.0,96.0,0.0,-0.0390625,0.0,0.0,99.0,0.0,0.0,0.0,14.0,0.0,0.0,null,14.412,-0.0028694001957774162
2381,23011501,0,20230115132936,37.3382706,127.2972923,0.0,744.0,14.509804,14.117647,7830.0,3.11,41.17647,350.0,15.294118,-0.046875,0.0,42.0,96.0,0.0,-0.0390625,0.0,0.0,99.0,0.0,0.0,0.0,14.0,0.0,0.0,null,14.412,-0.0016171929892152548
2382,23011501,0,20230115132937,37.3382706,127.2972923,0.0,744.0,14.509804,14.117647,7840.0,3.16,41.17647,350.0,15.294118,-0.046875,0.0,42.0,96.0,0.0,-0.0390625,0.0,0.0,99.0,0.0,0.0,0.0,14.0,0.0,0.0,null,14.412,0.00042684056097641587
2383,23011501,0,20230115132938,37.3382706,127.2972923,0.0,740.5,14.509804,14.117647,7840.0,3.16,41.17647,350.0,15.294118,-0.046875,0.0,42.0,96.0,0.0,-0.0390625,0.0,0.0,99.0,0.0,0.0,0.0,14.0,0.0,0.0,null,14.412,-0.007659813854843378
2384,23011501,0,20230115132939,37.3382706,127.2972923,0.0,739.5,14.509804,14.117647,7930.0,3.05,41.17647,350.0,15.294118,-0.046875,0.0,42.0,96.0,0.0,-0.0390625,0.0,0.0,99.0,0.0,0.0,0.0,14.0,0.0,0.0,null,14.412,-0.006433415226638317
2385,23011501,0,20230115132940,37.3382706,127.2972923,0.0,739.0,14.509804,14.117647,7930.0,3.19,41.17647,350.0,15.294118,-0.046875,0.0,42.0,96.0,0.0,-0.0390625,0.0,0.0,99.0,0.0,0.0,0.0,14.0,0.0,0.0,null,14.412,-0.0038356694858521223
2386,23011501,0,20230115132941,37.3382706,127.2972923,0.0,739.0,14.509804,14.117647,7850.0,3.16,41.17647,350.0,15.294118,-0.046875,0.0,42.0,96.0,0.0,-0.0390625,0.0,0.0,99.0,0.0,0.0,0.0,14.0,0.0,0.0,null,14.412,0.001291221589781344
2387,23011501,0,20230115132942,37.3382706,127.2972923,0.0,741.5,14.509804,14.117647,7840.0,3.16,41.17647,350.0,15.294118,-0.046875,0.0,42.0,96.0,0.0,-0.0390625,0.0,0.0,99.0,0.0,0.0,0.0,14.0,0.0,0.0,null,14.412,0.0031180246733129025
2388,23011501,0,20230115132943,37.3382706,127.2972923,0.0,737.5,14.509804,14.117647,7840.0,3.13,41.17647,350.0,15.294118,-0.046875,0.0,42.0,96.0,0.0,-0.0390625,0.0,0.0,99.0,0.0,0.0,0.0,14.0,0.0,0.0,null,14.412,-0.0005867302534170449
2389,23011501,0,20230115132944,37.3382706,127.2972923,0.0,741.0,14.509804,14.117647,7840.0,3.11,41.17647,350.0,15.686275,-0.046875,0.0,42.0,96.0,0.0,-0.0390625,0.0,0.0,99.0,0.0,0.0,0.0,14.0,0.0,0.0,null,14.412,-0.0024383526761084795
2390,23011501,0,20230115132945,37.3382706,127.2972923,0.0,748.0,14.509804,14.117647,7870.0,3.13,41.17647,350.0,15.686275,-0.046875,0.0,41.0,96.0,0.0,-0.0390625,0.0,0.0,99.0,0.0,0.0,0.0,14.0,0.0,0.0,null,14.412,-0.0034058818127959967
2391,23011501,0,20230115132946,37.3382706,127.2972923,0.0,748.0,14.509804,14.117647,7910.0,3.05,41.17647,350.0,14.90196,-0.046875,0.0,42.0,96.0,0.0,-0.0390625,0.0,0.0,99.0,0.0,0.0,0.0,14.0,0.0,0.0,null,14.412,0.00251165428198874
2392,23011501,0,20230115132947,37.3382706,127.2972923,0.0,735.5,14.509804,14.117647,7910.0,3.08,41.17647,350.0,15.294118,-0.046875,0.0,42.0,96.0,0.0,-0.0390625,0.0,0.0,99.0,0.0,0.0,0.0,14.0,0.0,0.0,null,14.412,-0.0008274405263364315
2393,23011501,0,20230115132948,37.3382706,127.2972923,0.0,740.0,14.509804,14.117647,7860.0,3.08,41.17647,350.0,14.90196,-0.046875,0.0,42.0,96.0,0.0,-0.0390625,0.0,0.0,99.0,0.0,0.0,0.0,14.0,0.0,0.0,null,14.412,-0.0038025351241230965
2394,23011501,0,20230115132949,37.3382706,127.2972923,0.0,742.5,14.509804,14.117647,7860.0,3.11,41.17647,350.0,14.90196,-0.046875,0.0,42.0,96.0,0.0,-0.0390625,0.0,0.0,99.0,0.0,0.0,0.0,14.0,0.0,0.0,null,14.412,-0.0026600330602377653
2395,23011501,0,20230115132950,37.3382706,127.2972923,0.0,733.0,14.509804,14.117647,7840.0,3.08,41.17647,350.0,15.686275,-0.046875,0.0,43.0,96.0,0.0,-0.0390625,0.0,0.0,99.0,0.0,0.0,0.0,14.0,0.0,0.0,null,14.412,0.00447135791182518
2396,23011501,0,20230115132951,37.3382706,127.2972923,0.0,742.5,14.509804,14.117647,7840.0,3.02,41.17647,350.0,15.686275,-0.046875,0.0,43.0,96.0,0.0,-0.0390625,0.0,0.0,99.0,0.0,0.0,0.0,14.0,0.0,0.0,null,14.412,-0.000586143636610359
2397,23011501,0,20230115132952,37.3382706,127.2972923,0.0,742.5,14.509804,14.117647,7870.0,3.13,41.17647,350.0,15.294118,-0.046875,0.0,43.0,96.0,0.0,-0.0390625,0.0,0.0,99.0,0.0,0.0,0.0,14.0,0.0,0.0,null,14.459,0.007105789612978697
2398,23011501,0,20230115132953,37.3382706,127.2972923,0.0,741.5,14.509804,14.117647,7870.0,3.13,41.17647,350.0,15.294118,-0.0390625,0.0,42.0,96.0,0.0,-0.0390625,0.0,0.0,99.0,0.0,0.0,0.0,14.0,0.0,0.0,null,14.459,0.007722972892224789
2399,23011501,0,20230115132954,37.3382706,127.2972923,0.0,121.0,14.509804,14.117647,7980.0,3.02,41.17647,350.0,0.0,-0.0390625,0.0,57.0,96.0,0.0,-0.0390625,0.0,0.0,99.0,0.0,0.0,0.0,15.0,0.0,0.0,null,14.459,-0.0014149572234600782
2400,23011501,0,20230115132955,37.3382706,127.2972923,0.0,0.0,14.509804,13.725491,7980.0,0.0,41.17647,350.0,0.0,-0.0390625,0.0,97.0,96.0,0.0,-0.0390625,0.0,0.0,99.0,0.0,0.0,0.0,15.0,0.0,0.0,null,14.459,-0.01012018695473671
2401,23011501,0,20230115132956,37.3382706,127.2972923,0.0,0.0,14.509804,13.725491,8180.0,0.0,41.17647,350.0,0.0,-0.0390625,0.0,97.0,96.0,0.0,-0.046875,0.0,0.0,99.0,0.0,0.0,0.0,15.0,0.0,0.0,null,14.459,-0.005295582115650177
2402,23011501,0,20230115132957,37.3382706,127.2972923,0.0,0.0,14.509804,24.705883,8180.0,0.0,41.17647,350.0,0.0,-0.0390625,0.0,98.0,96.0,0.0,-0.046875,0.0,0.0,99.0,0.0,0.0,0.0,15.0,0.0,0.0,null,14.459,0.004510937724262476
2403,23011501,0,20230115132958,37.3382706,127.2972923,0.0,0.0,14.509804,24.705883,8310.0,0.0,41.17647,350.0,0.0,-0.0390625,0.0,98.0,96.0,0.0,-0.046875,0.0,0.0,99.0,0.0,0.0,0.0,15.0,0.0,0.0,null,14.459,-0.0017813086742535233
2404,23011501,0,20230115132959,37.3382706,127.2972923,0.0,0.0,14.509804,24.705883,8310.0,0.0,41.17647,350.0,0.0,-0.0390625,0.0,98.0,96.0,0.0,-0.046875,0.0,0.0,99.0,0.0,0.0,0.0,15.0,0.0,0.0,null,14.459,-0.0003280655073467642
2405,23011501,0,20230115133000,37.3382706,127.2972923,0.0,0.0,14.509804,24.705883,8450.0,0.0,41.17647,350.0,0.0,-0.0390625,0.0,98.0,96.0,0.0,-0.046875,0.0,0.0,99.0,0.0,0.0,0.0,15.0,0.0,0.0,null,14.459,-0.00041454267920926213
2406,23011501,0,20230115133001,37.3382706,127.2972923,0.0,0.0,14.509804,25.09804,8450.0,0.0,41.17647,350.0,0.0,-0.0390625,0.0,98.0,96.0,0.0,-0.046875,0.0,0.0,99.0,0.0,0.0,0.0,15.0,0.0,0.0,null,14.459,-0.0023734252899885178
2407,23011501,0,20230115133002,37.3382706,127.2972923,0.0,0.0,14.509804,25.09804,8550.0,0.0,41.17647,350.0,0.0,-0.0390625,0.0,98.0,96.0,0.0,-0.046875,0.0,0.0,99.0,0.0,0.0,0.0,14.0,0.0,0.0,null,14.459,0.010076461359858513
2408,23011501,0,20230115133003,37.3382706,127.2972923,0.0,0.0,14.509804,24.705883,8550.0,0.0,41.17647,350.0,0.0,-0.0390625,0.0,98.0,96.0,0.0,-0.046875,0.0,0.0,99.0,0.0,0.0,0.0,14.0,0.0,0.0,null,14.459,0.0032071550376713276
2409,23011501,0,20230115133004,37.3382706,127.2972923,0.0,0.0,14.509804,24.705883,8550.0,0.0,41.17647,350.0,0.0,-0.0390625,0.0,98.0,96.0,0.0,-0.046875,0.0,0.0,99.0,0.0,0.0,0.0,14.0,0.0,0.0,null,14.459,-0.016087215393781662
2410,23011501,0,20230115133005,37.3382706,127.2972923,0.0,0.0,14.509804,24.705883,8550.0,0.0,41.17647,350.0,0.0,-0.0390625,0.0,98.0,96.0,0.0,-0.046875,0.0,0.0,99.0,0.0,0.0,0.0,14.0,0.0,0.0,null,14.459,-7.632499909959733e-05
2411,23011501,0,20230115133006,37.3382706,127.2972923,0.0,0.0,14.509804,24.705883,8550.0,0.0,41.17647,350.0,0.0,-0.0390625,0.0,98.0,96.0,0.0,-0.046875,0.0,0.0,99.0,0.0,0.0,0.0,14.0,0.0,0.0,null,14.459,0.0017672464018687606
2412,23011501,0,20230115133007,37.3382706,127.2972923,0.0,0.0,14.509804,24.705883,8550.0,0.0,41.17647,350.0,0.0,-0.0390625,0.0,98.0,96.0,0.0,-0.046875,0.0,0.0,99.0,0.0,0.0,0.0,14.0,0.0,0.0,null,14.459,-0.0008161400910466909
2413,23011501,0,20230115133008,37.3382706,127.2972923,0.0,0.0,14.509804,24.705883,8550.0,0.0,41.17647,350.0,0.0,-0.0390625,0.0,98.0,96.0,0.0,-0.046875,0.0,0.0,99.0,0.0,0.0,0.0,14.0,0.0,0.0,null,14.459,-0.0076416186057031155
2414,23011501,0,20230115133009,37.3382706,127.2972923,0.0,0.0,14.509804,24.705883,8550.0,0.0,41.17647,350.0,0.0,-0.0390625,0.0,98.0,96.0,0.0,-0.046875,0.0,0.0,99.0,0.0,0.0,0.0,14.0,0.0,0.0,null,14.459,0.0468127466738224
2415,23011501,0,20230115133010,37.3382706,127.2972923,0.0,0.0,14.509804,24.705883,8550.0,0.0,41.17647,350.0,0.0,-0.0390625,0.0,98.0,96.0,0.0,-0.046875,0.0,0.0,99.0,0.0,0.0,0.0,14.0,0.0,0.0,null,14.459,-0.004046699032187462
2416,23011501,0,20230115133011,37.3382706,127.2972923,0.0,0.0,14.509804,24.705883,8550.0,0.0,41.17647,350.0,0.0,-0.0390625,0.0,98.0,96.0,0.0,-0.046875,0.0,0.0,99.0,0.0,0.0,0.0,14.0,0.0,0.0,null,14.459,-0.0009420693968422711
2417,23011501,0,20230115133012,37.3382706,127.2972923,0.0,0.0,14.509804,24.705883,8550.0,0.0,41.17647,350.0,0.0,-0.0390625,0.0,98.0,96.0,0.0,-0.046875,0.0,0.0,99.0,0.0,0.0,0.0,14.0,0.0,0.0,null,14.459,-0.002942157443612814
2418,23011501,0,20230115133046,37.3382706,127.2972923,0.0,0.0,14.509804,0.0,0.0,0.0,0.0,0.0,0.0,0.0,0.0,98.0,0.0,0.0,0.0,0.0,0.0,0.0,0.0,0.0,0.0,0.0,0.0,0.0,null,0.0,0.0
2419,23011501,0,20230115133047,37.3382706,127.2972923,0.0,0.0,14.509804,24.705883,8180.0,0.0,41.17647,0.0,0.0,0.0,0.0,98.0,0.0,0.0,0.0,0.0,0.0,0.0,0.0,0.0,0.0,16.0,0.0,0.0,null,0.0,-0.0019972408190369606
2420,23011501,0,20230115133048,37.3382706,127.2972923,0.0,0.0,14.509804,24.705883,8180.0,0.0,41.17647,350.0,0.0,0.0,0.0,98.0,0.0,0.0,0.0,0.0,0.0,0.0,0.0,0.0,0.0,16.0,0.0,0.0,null,0.0,-0.028291672468185425
2421,23011501,0,20230115133049,37.3382706,127.2972923,0.0,0.0,14.509804,24.705883,8180.0,0.0,41.17647,350.0,0.0,0.0,0.0,98.0,0.0,0.0,0.0,0.0,0.0,0.0,0.0,0.0,0.0,16.0,0.0,0.0,null,0.0,-0.03272218257188797
2422,23011501,0,20230115133050,37.3382706,127.2972923,0.0,0.0,14.509804,24.705883,8330.0,0.0,41.17647,350.0,0.0,0.0,0.0,98.0,0.0,0.0,0.0,0.0,0.0,0.0,0.0,0.0,0.0,16.0,0.0,0.0,null,12.316,-0.024294864386320114
2423,23011501,0,20230115133051,37.3382706,127.2972923,0.0,0.0,14.509804,25.09804,8420.0,0.0,41.17647,350.0,0.0,-0.0078125,0.0,98.0,0.0,0.0,0.0,0.0,0.0,0.0,0.0,0.0,0.0,16.0,0.0,0.0,null,12.316,-0.022555941715836525
2424,23011501,0,20230115133052,37.3382706,127.2972923,0.0,0.0,14.509804,24.705883,8420.0,0.0,41.17647,350.0,0.0,-0.0078125,0.0,98.0,0.0,0.0,0.0,0.0,0.0,0.0,0.0,0.0,0.0,16.0,0.0,0.0,null,12.316,-0.019877588376402855
2425,23011501,0,20230115133053,37.3382706,127.2972923,0.0,0.0,14.509804,24.705883,8420.0,0.0,41.17647,350.0,0.0,-0.0078125,0.0,98.0,0.0,0.0,0.0,0.0,0.0,0.0,0.0,0.0,0.0,16.0,0.0,0.0,null,12.316,-0.020312439650297165
2426,23011501,0,20230115133054,37.3382706,127.2972923,0.0,0.0,14.509804,24.705883,8420.0,0.0,41.17647,350.0,0.0,-0.0078125,0.0,98.0,0.0,0.0,0.0,0.0,0.0,0.0,0.0,0.0,0.0,16.0,0.0,0.0,null,12.316,-0.016832925379276276
2427,23011501,0,20230115133055,37.3382706,127.2972923,0.0,0.0,14.509804,24.705883,8420.0,0.0,41.17647,350.0,0.0,-0.0078125,0.0,98.0,0.0,0.0,0.0,0.0,0.0,0.0,0.0,0.0,0.0,16.0,0.0,0.0,null,12.316,-0.013748299330472946
2428,23011501,0,20230115133056,37.3382706,127.2972923,0.0,0.0,14.509804,24.705883,8420.0,0.0,41.17647,350.0,0.0,-0.0078125,0.0,98.0,0.0,0.0,0.0,0.0,0.0,0.0,0.0,0.0,0.0,16.0,0.0,0.0,null,12.316,-0.013277411460876465
2429,23011501,0,20230115133057,37.3382706,127.2972923,0.0,0.0,14.509804,24.705883,8420.0,0.0,41.17647,350.0,0.0,-0.0078125,0.0,98.0,0.0,0.0,0.0,0.0,0.0,0.0,0.0,0.0,0.0,16.0,0.0,0.0,null,12.316,-0.059189654886722565
2430,23011501,0,20230115133058,37.3382706,127.2972923,0.0,0.0,14.509804,24.705883,8420.0,0.0,41.17647,350.0,0.0,-0.0078125,0.0,98.0,0.0,0.0,0.0,0.0,0.0,0.0,0.0,0.0,0.0,16.0,0.0,0.0,null,12.316,62.56187057495117
2431,23011501,0,20230115133059,37.3382706,127.2972923,0.0,0.0,14.509804,24.705883,8420.0,0.0,41.17647,350.0,0.0,-0.0078125,0.0,98.0,0.0,0.0,0.0,0.0,0.0,0.0,0.0,0.0,0.0,16.0,0.0,0.0,null,12.316,35.296730041503906
2432,23011501,0,20230115133100,37.3382706,127.2972923,0.0,0.0,14.509804,24.705883,8420.0,0.0,41.17647,350.0,0.0,-0.0078125,0.0,98.0,0.0,0.0,0.0,0.0,0.0,0.0,0.0,0.0,0.0,16.0,0.0,0.0,null,12.316,10.349424362182617
2433,23011501,0,20230115133101,37.3382706,127.2972923,0.0,0.0,14.509804,24.705883,8420.0,0.0,41.17647,350.0,0.0,-0.0078125,0.0,98.0,0.0,0.0,0.0,0.0,0.0,0.0,0.0,0.0,0.0,16.0,0.0,0.0,null,12.316,10.116878509521484
2434,23011501,0,20230115133102,37.3382706,127.2972923,0.0,0.0,14.509804,24.705883,8420.0,0.0,41.17647,350.0,0.0,-0.0078125,0.0,98.0,0.0,0.0,0.0,0.0,0.0,0.0,0.0,0.0,0.0,16.0,0.0,0.0,null,12.316,-16.678363800048828
2435,23011501,0,20230115133103,37.3382706,127.2972923,0.0,0.0,14.509804,24.705883,8420.0,0.0,41.17647,350.0,0.0,-0.0078125,0.0,98.0,0.0,0.0,0.0,0.0,0.0,0.0,0.0,0.0,0.0,16.0,0.0,0.0,null,12.316,-3.0435009002685547
2436,23011501,0,20230115133104,37.3382706,127.2972923,0.0,0.0,14.509804,24.705883,8420.0,0.0,41.17647,350.0,0.0,-0.0078125,0.0,98.0,0.0,0.0,0.0,0.0,0.0,0.0,0.0,0.0,0.0,16.0,0.0,0.0,null,12.316,-8.686932563781738
2437,23011501,0,20230115133105,37.3382706,127.2972923,0.0,0.0,14.509804,24.705883,8420.0,0.0,41.17647,350.0,0.0,-0.0078125,0.0,98.0,0.0,0.0,0.0,0.0,0.0,0.0,0.0,0.0,0.0,16.0,0.0,0.0,null,12.316,19.426881790161133
2438,23011501,0,20230115133106,37.3382706,127.2972923,0.0,0.0,14.509804,24.705883,8420.0,0.0,41.17647,350.0,0.0,-0.0078125,0.0,98.0,0.0,0.0,0.0,0.0,0.0,0.0,0.0,0.0,0.0,16.0,0.0,0.0,null,12.316,12.829108238220215
2439,23011501,0,20230115133107,37.3382706,127.2972923,0.0,0.0,14.509804,24.705883,8420.0,0.0,41.17647,350.0,0.0,-0.0078125,0.0,98.0,0.0,0.0,0.0,0.0,0.0,0.0,0.0,0.0,0.0,16.0,0.0,0.0,null,12.316,-23.09589958190918
2440,23011501,0,20230115133108,37.3382706,127.2972923,0.0,0.0,0.0,24.705883,8420.0,0.0,41.17647,350.0,0.0,-0.0078125,0.0,98.0,0.0,0.0,0.0,0.0,215.0,0.0,0.0,0.0,0.0,15.0,0.0,0.0,null,12.316,-42.34647750854492
2441,23011501,0,20230115133109,37.3382706,127.2972923,0.0,0.0,0.0,24.705883,8420.0,0.0,41.17647,350.0,0.0,-0.0078125,0.0,98.0,0.0,0.0,0.0,0.0,215.0,0.0,0.0,0.0,0.0,15.0,0.0,0.0,null,12.316,-11.926457405090332
2442,23011501,0,20230115133110,37.3382706,127.2972923,0.0,0.0,0.0,24.705883,8420.0,0.0,41.17647,350.0,0.0,-0.0078125,0.0,98.0,0.0,0.0,0.0,0.0,215.0,0.0,0.0,0.0,0.0,15.0,0.0,0.0,null,12.316,9.982194900512695
2443,23011501,0,20230115133111,37.3382706,127.2972923,0.0,0.0,0.0,24.705883,8420.0,0.0,41.17647,350.0,0.0,-0.0078125,0.0,98.0,0.0,0.0,0.0,0.0,215.0,0.0,0.0,0.0,0.0,15.0,0.0,0.0,null,12.316,-2.965653419494629
2444,23011501,0,20230115133112,37.3382706,127.2972923,0.0,0.0,0.0,24.705883,8420.0,0.0,41.17647,350.0,0.0,-0.0078125,0.0,98.0,0.0,0.0,0.0,0.0,215.0,0.0,0.0,0.0,0.0,15.0,0.0,0.0,null,12.316,-2.391845941543579
2445,23011501,0,20230115133113,37.3382706,127.2972923,0.0,0.0,0.0,24.705883,8420.0,0.0,41.17647,350.0,0.0,-0.0078125,0.0,98.0,0.0,0.0,0.0,0.0,215.0,0.0,0.0,0.0,0.0,15.0,0.0,0.0,null,12.316,-19.515769958496094
2446,23011501,0,20230115133114,37.3382706,127.2972923,0.0,0.0,0.0,24.705883,8420.0,0.0,41.17647,350.0,0.0,-0.0078125,0.0,98.0,0.0,0.0,0.0,0.0,215.0,0.0,0.0,0.0,0.0,15.0,0.0,0.0,null,12.316,-8.733129501342773
2447,23011501,0,20230115133115,37.3382706,127.2972923,0.0,0.0,0.0,24.705883,8420.0,0.0,41.17647,350.0,0.0,-0.0078125,0.0,98.0,0.0,0.0,0.0,0.0,215.0,0.0,0.0,0.0,0.0,15.0,0.0,0.0,null,12.316,-3.5456931591033936
2448,23011501,0,20230115133116,37.3382706,127.2972923,0.0,0.0,0.0,24.705883,8420.0,0.0,41.17647,350.0,0.0,-0.0078125,0.0,98.0,0.0,0.0,0.0,0.0,215.0,0.0,0.0,0.0,0.0,15.0,0.0,0.0,null,12.316,9.716361999511719
2449,23011501,0,20230115133117,37.3382706,127.2972923,0.0,0.0,0.0,24.705883,8420.0,0.0,41.17647,350.0,0.0,-0.0078125,0.0,98.0,0.0,0.0,0.0,0.0,215.0,0.0,0.0,0.0,0.0,15.0,0.0,0.0,null,12.316,0.9453030228614807
2450,23011501,0,20230115133118,37.3382706,127.2972923,0.0,0.0,0.0,24.705883,8420.0,0.0,41.17647,350.0,0.0,-0.0078125,0.0,98.0,0.0,0.0,0.0,0.0,215.0,0.0,0.0,0.0,0.0,15.0,0.0,0.0,null,12.316,-5.633139133453369
2451,23011501,0,20230115133119,37.3382706,127.2972923,0.0,0.0,0.0,24.705883,8420.0,0.0,41.17647,350.0,0.0,-0.0078125,0.0,98.0,0.0,0.0,0.0,0.0,215.0,0.0,0.0,0.0,0.0,15.0,0.0,0.0,null,12.316,-7.537637710571289
2452,23011501,0,20230115133120,37.3382706,127.2972923,0.0,0.0,0.0,24.705883,8420.0,0.0,41.17647,350.0,0.0,-0.0078125,0.0,98.0,0.0,0.0,0.0,0.0,215.0,0.0,0.0,0.0,0.0,15.0,0.0,0.0,null,12.316,2.472912311553955
2453,23011501,0,20230115133121,37.3382706,127.2972923,0.0,0.0,0.0,24.705883,8420.0,0.0,41.17647,350.0,0.0,-0.0078125,0.0,98.0,0.0,0.0,0.0,0.0,215.0,0.0,0.0,0.0,0.0,15.0,0.0,0.0,null,12.316,7.14983606338501
2454,23011501,0,20230115133122,37.3382706,127.2972923,0.0,0.0,0.0,24.705883,8420.0,0.0,41.17647,350.0,0.0,-0.0078125,0.0,98.0,0.0,0.0,0.0,0.0,215.0,0.0,0.0,0.0,0.0,15.0,0.0,0.0,null,12.316,14.464948654174805
2455,23011501,0,20230115133123,37.3382706,127.2972923,0.0,0.0,0.0,24.705883,8420.0,0.0,41.17647,350.0,0.0,-0.0078125,0.0,98.0,0.0,0.0,0.0,0.0,215.0,0.0,0.0,0.0,0.0,15.0,0.0,0.0,null,12.316,10.837546348571777
2456,23011501,0,20230115133124,37.3382706,127.2972923,0.0,0.0,0.0,24.705883,8420.0,0.0,41.17647,350.0,0.0,-0.0078125,0.0,98.0,0.0,0.0,0.0,0.0,215.0,0.0,0.0,0.0,0.0,15.0,0.0,0.0,null,12.316,1.4453462362289429
2457,23011501,0,20230115133125,37.3382706,127.2972923,0.0,0.0,0.0,24.705883,8420.0,0.0,41.17647,350.0,0.0,-0.0078125,0.0,98.0,0.0,0.0,0.0,0.0,215.0,0.0,0.0,0.0,0.0,15.0,0.0,0.0,null,12.316,4.195829391479492
2458,23011501,0,20230115133126,37.3382706,127.2972923,0.0,0.0,0.0,24.705883,8420.0,0.0,41.17647,350.0,0.0,-0.0078125,0.0,98.0,0.0,0.0,0.0,0.0,215.0,0.0,0.0,0.0,0.0,15.0,0.0,0.0,null,12.316,0.25318047404289246
2459,23011501,0,20230115133127,37.3382706,127.2972923,0.0,0.0,0.0,24.705883,8420.0,0.0,41.17647,350.0,0.0,-0.0078125,0.0,98.0,0.0,0.0,0.0,0.0,215.0,0.0,0.0,0.0,0.0,15.0,0.0,0.0,null,12.316,-1.978803038597107
2460,23011501,0,20230115133128,37.3382706,127.2972923,0.0,0.0,0.0,24.705883,8420.0,0.0,41.17647,350.0,0.0,-0.0078125,0.0,98.0,0.0,0.0,0.0,0.0,215.0,0.0,0.0,0.0,0.0,15.0,0.0,0.0,null,12.316,-2.9483156204223633
2461,23011501,0,20230115133129,37.3382706,127.2972923,0.0,0.0,0.0,24.705883,8420.0,0.0,41.17647,350.0,0.0,-0.0078125,0.0,98.0,0.0,0.0,0.0,0.0,215.0,0.0,0.0,0.0,0.0,15.0,0.0,0.0,null,12.316,-0.06757327914237976
2462,23011501,0,20230115133130,37.3382706,127.2972923,0.0,0.0,0.0,24.705883,8420.0,0.0,41.17647,350.0,0.0,-0.0078125,0.0,98.0,0.0,0.0,0.0,0.0,215.0,0.0,0.0,0.0,0.0,15.0,0.0,0.0,null,12.316,5.359355926513672
2463,23011501,0,20230115133131,37.3382706,127.2972923,0.0,0.0,0.0,24.705883,8420.0,0.0,41.17647,350.0,0.0,-0.0078125,0.0,98.0,0.0,0.0,0.0,0.0,215.0,0.0,0.0,0.0,0.0,15.0,0.0,0.0,null,12.316,-11.933692932128906
2464,23011501,0,20230115133132,37.3382706,127.2972923,0.0,0.0,0.0,24.705883,8420.0,0.0,41.17647,350.0,0.0,-0.0078125,0.0,98.0,0.0,0.0,0.0,0.0,215.0,0.0,0.0,0.0,0.0,15.0,0.0,0.0,null,12.316,5.999687194824219
2465,23011501,0,20230115133133,37.3382706,127.2972923,0.0,0.0,0.0,24.705883,8420.0,0.0,41.17647,350.0,0.0,-0.0078125,0.0,98.0,0.0,0.0,0.0,0.0,215.0,0.0,0.0,0.0,0.0,15.0,0.0,0.0,null,12.316,16.460763931274414
2466,23011501,0,20230115133134,37.3382706,127.2972923,0.0,0.0,0.0,24.705883,8420.0,0.0,41.17647,350.0,0.0,-0.0078125,0.0,98.0,0.0,0.0,0.0,0.0,215.0,0.0,0.0,0.0,0.0,15.0,0.0,0.0,null,12.316,8.099729537963867
2467,23011501,0,20230115133135,37.3382706,127.2972923,0.0,0.0,0.0,24.705883,8420.0,0.0,41.17647,350.0,0.0,-0.0078125,0.0,98.0,0.0,0.0,0.0,0.0,215.0,0.0,0.0,0.0,0.0,15.0,0.0,0.0,null,12.316,7.373816013336182
2468,23011501,0,20230115133136,37.3382706,127.2972923,0.0,0.0,0.0,24.705883,8420.0,0.0,41.17647,350.0,0.0,-0.0078125,0.0,98.0,0.0,0.0,0.0,0.0,215.0,0.0,0.0,0.0,0.0,15.0,0.0,0.0,null,12.316,-5.406435489654541
2469,23011501,0,20230115133137,37.3382706,127.2972923,0.0,0.0,0.0,24.705883,8420.0,0.0,41.17647,350.0,0.0,-0.0078125,0.0,98.0,0.0,0.0,0.0,0.0,215.0,0.0,0.0,0.0,0.0,15.0,0.0,0.0,null,12.316,1.9002121686935425
2470,23011501,0,20230115133138,37.3382706,127.2972923,0.0,0.0,0.0,24.705883,8420.0,0.0,41.17647,350.0,0.0,-0.0078125,0.0,98.0,0.0,0.0,0.0,0.0,215.0,0.0,0.0,0.0,0.0,15.0,0.0,0.0,null,12.316,1.7102962732315063
2471,23011501,0,20230115133139,37.3382706,127.2972923,0.0,0.0,0.0,24.705883,8420.0,0.0,41.17647,350.0,0.0,-0.0078125,0.0,98.0,0.0,0.0,0.0,0.0,215.0,0.0,0.0,0.0,0.0,15.0,0.0,0.0,null,12.316,1.5870360136032104
2472,23011501,0,20230115133140,37.3382706,127.2972923,0.0,0.0,0.0,24.705883,8420.0,0.0,41.17647,350.0,0.0,-0.0078125,0.0,98.0,0.0,0.0,0.0,0.0,215.0,0.0,0.0,0.0,0.0,15.0,0.0,0.0,null,12.316,-12.146954536437988
2473,23011501,0,20230115133141,37.3382706,127.2972923,0.0,0.0,0.0,24.705883,8420.0,0.0,41.17647,350.0,0.0,-0.0078125,0.0,98.0,0.0,0.0,0.0,0.0,215.0,0.0,0.0,0.0,0.0,15.0,0.0,0.0,null,12.316,-7.675067901611328
2474,23011501,0,20230115133142,37.3382706,127.2972923,0.0,0.0,0.0,24.705883,8420.0,0.0,41.17647,350.0,0.0,-0.0078125,0.0,98.0,0.0,0.0,0.0,0.0,215.0,0.0,0.0,0.0,0.0,15.0,0.0,0.0,null,12.316,-11.84479808807373
2475,23011501,0,20230115133143,37.3382706,127.2972923,0.0,0.0,0.0,24.705883,8420.0,0.0,41.17647,350.0,0.0,-0.0078125,0.0,98.0,0.0,0.0,0.0,0.0,215.0,0.0,0.0,0.0,0.0,15.0,0.0,0.0,null,12.316,-12.056938171386719
2476,23011501,0,20230115133144,37.3382706,127.2972923,0.0,0.0,0.0,24.705883,8420.0,0.0,41.17647,350.0,0.0,-0.0078125,0.0,98.0,0.0,0.0,0.0,0.0,215.0,0.0,0.0,0.0,0.0,15.0,0.0,0.0,null,12.316,0.8838045001029968
2477,23011501,0,20230115133145,37.3382706,127.2972923,0.0,0.0,0.0,24.705883,8420.0,0.0,41.17647,350.0,0.0,-0.0078125,0.0,98.0,0.0,0.0,0.0,0.0,215.0,0.0,0.0,0.0,0.0,15.0,0.0,0.0,null,12.316,1.6897578239440918
2478,23011501,0,20230115133146,37.3382706,127.2972923,0.0,0.0,0.0,24.705883,8420.0,0.0,41.17647,350.0,0.0,-0.0078125,0.0,98.0,0.0,0.0,0.0,0.0,215.0,0.0,0.0,0.0,0.0,15.0,0.0,0.0,null,12.316,4.3418354988098145
2479,23011501,0,20230115133147,37.3382706,127.2972923,0.0,0.0,0.0,24.705883,8420.0,0.0,41.17647,350.0,0.0,-0.0078125,0.0,98.0,0.0,0.0,0.0,0.0,215.0,0.0,0.0,0.0,0.0,15.0,0.0,0.0,null,12.316,2.273409843444824
2480,23011501,0,20230115133148,37.3382706,127.2972923,0.0,0.0,0.0,24.705883,8420.0,0.0,41.17647,350.0,0.0,-0.0078125,0.0,98.0,0.0,0.0,0.0,0.0,215.0,0.0,0.0,0.0,0.0,15.0,0.0,0.0,null,12.316,14.611181259155273
2481,23011501,0,20230115133149,37.3382706,127.2972923,0.0,0.0,0.0,24.705883,8420.0,0.0,41.17647,350.0,0.0,-0.0078125,0.0,98.0,0.0,0.0,0.0,0.0,215.0,0.0,0.0,0.0,0.0,15.0,0.0,0.0,null,12.316,10.740694999694824
2482,23011501,0,20230115133150,37.3382706,127.2972923,0.0,0.0,0.0,24.705883,8420.0,0.0,41.17647,350.0,0.0,-0.0078125,0.0,98.0,0.0,0.0,0.0,0.0,215.0,0.0,0.0,0.0,0.0,15.0,0.0,0.0,null,12.316,-12.079362869262695
2483,23011501,0,20230115133151,37.3382706,127.2972923,0.0,0.0,0.0,24.705883,8420.0,0.0,41.17647,350.0,0.0,-0.0078125,0.0,98.0,0.0,0.0,0.0,0.0,215.0,0.0,0.0,0.0,0.0,15.0,0.0,0.0,null,12.316,-10.660866737365723
2484,23011501,0,20230115133152,37.3382706,127.2972923,0.0,0.0,0.0,24.705883,8420.0,0.0,41.17647,350.0,0.0,-0.0078125,0.0,98.0,0.0,0.0,0.0,0.0,215.0,0.0,0.0,0.0,0.0,15.0,0.0,0.0,null,12.316,2.589186668395996
2485,23011501,0,20230115133153,37.3382706,127.2972923,0.0,0.0,0.0,24.705883,8420.0,0.0,41.17647,350.0,0.0,-0.0078125,0.0,98.0,0.0,0.0,0.0,0.0,215.0,0.0,0.0,0.0,0.0,15.0,0.0,0.0,null,12.316,29.228824615478516
2486,23011501,0,20230115133154,37.3382706,127.2972923,0.0,0.0,0.0,24.705883,8420.0,0.0,41.17647,350.0,0.0,-0.0078125,0.0,98.0,0.0,0.0,0.0,0.0,215.0,0.0,0.0,0.0,0.0,15.0,0.0,0.0,null,12.316,17.88736915588379
2487,23011501,0,20230115133155,37.3382706,127.2972923,0.0,0.0,0.0,24.705883,8420.0,0.0,41.17647,350.0,0.0,-0.0078125,0.0,98.0,0.0,0.0,0.0,0.0,215.0,0.0,0.0,0.0,0.0,15.0,0.0,0.0,null,12.316,-6.307659149169922
2488,23011501,0,20230115133156,37.3382706,127.2972923,0.0,0.0,0.0,24.705883,8420.0,0.0,41.17647,350.0,0.0,-0.0078125,0.0,98.0,0.0,0.0,0.0,0.0,215.0,0.0,0.0,0.0,0.0,15.0,0.0,0.0,null,12.316,-26.985280990600586
2489,23011501,0,20230115133157,37.3382706,127.2972923,0.0,0.0,0.0,24.705883,8420.0,0.0,41.17647,350.0,0.0,-0.0078125,0.0,98.0,0.0,0.0,0.0,0.0,215.0,0.0,0.0,0.0,0.0,15.0,0.0,0.0,null,12.316,-11.329713821411133
2490,23011501,0,20230115133158,37.3382706,127.2972923,0.0,0.0,0.0,24.705883,8420.0,0.0,41.17647,350.0,0.0,-0.0078125,0.0,98.0,0.0,0.0,0.0,0.0,215.0,0.0,0.0,0.0,0.0,15.0,0.0,0.0,null,12.316,-1.6631792783737183
2491,23011501,0,20230115133159,37.3382706,127.2972923,0.0,0.0,0.0,24.705883,8420.0,0.0,41.17647,350.0,0.0,-0.0078125,0.0,98.0,0.0,0.0,0.0,0.0,215.0,0.0,0.0,0.0,0.0,15.0,0.0,0.0,null,12.316,4.435647010803223
2492,23011501,0,20230115133200,37.3382706,127.2972923,0.0,0.0,0.0,24.705883,8420.0,0.0,41.17647,350.0,0.0,-0.0078125,0.0,98.0,0.0,0.0,0.0,0.0,215.0,0.0,0.0,0.0,0.0,15.0,0.0,0.0,null,12.316,-2.1254642009735107
2493,23011501,0,20230115133201,37.3382706,127.2972923,0.0,0.0,0.0,24.705883,8420.0,0.0,41.17647,350.0,0.0,-0.0078125,0.0,98.0,0.0,0.0,0.0,0.0,215.0,0.0,0.0,0.0,0.0,15.0,0.0,0.0,null,12.316,-9.897891998291016
2494,23011501,0,20230115133202,37.3382706,127.2972923,0.0,0.0,0.0,24.705883,8420.0,0.0,41.17647,350.0,0.0,-0.0078125,0.0,98.0,0.0,0.0,0.0,0.0,215.0,0.0,0.0,0.0,0.0,15.0,0.0,0.0,null,12.316,-13.10863971710205
2495,23011501,0,20230115133203,37.3382706,127.2972923,0.0,0.0,0.0,24.705883,8420.0,0.0,41.17647,350.0,0.0,-0.0078125,0.0,98.0,0.0,0.0,0.0,0.0,215.0,0.0,0.0,0.0,0.0,15.0,0.0,0.0,null,12.316,-11.387516975402832
2496,23011501,0,20230115133204,37.3382706,127.2972923,0.0,0.0,0.0,24.705883,8420.0,0.0,41.17647,350.0,0.0,-0.0078125,0.0,98.0,0.0,0.0,0.0,0.0,215.0,0.0,0.0,0.0,0.0,15.0,0.0,0.0,null,12.316,-15.444743156433105
2497,23011501,0,20230115133205,37.3382706,127.2972923,0.0,0.0,0.0,24.705883,8420.0,0.0,41.17647,350.0,0.0,-0.0078125,0.0,98.0,0.0,0.0,0.0,0.0,215.0,0.0,0.0,0.0,0.0,15.0,0.0,0.0,null,12.316,9.40062427520752
2498,23011501,0,20230115133206,37.3382706,127.2972923,0.0,0.0,0.0,24.705883,8420.0,0.0,41.17647,350.0,0.0,-0.0078125,0.0,98.0,0.0,0.0,0.0,0.0,215.0,0.0,0.0,0.0,0.0,15.0,0.0,0.0,null,12.316,11.869696617126465
2499,23011501,0,20230115133207,37.3382706,127.2972923,0.0,0.0,0.0,24.705883,8420.0,0.0,41.17647,350.0,0.0,-0.0078125,0.0,98.0,0.0,0.0,0.0,0.0,215.0,0.0,0.0,0.0,0.0,15.0,0.0,0.0,null,12.316,19.444171905517578
2500,23011501,0,20230115133208,37.3382706,127.2972923,0.0,0.0,0.0,24.705883,8420.0,0.0,41.17647,350.0,0.0,-0.0078125,0.0,98.0,0.0,0.0,0.0,0.0,215.0,0.0,0.0,0.0,0.0,15.0,0.0,0.0,null,12.316,-8.4956636428833
2501,23011501,0,20230115133209,37.3382706,127.2972923,0.0,0.0,0.0,24.705883,8420.0,0.0,41.17647,350.0,0.0,-0.0078125,0.0,98.0,0.0,0.0,0.0,0.0,215.0,0.0,0.0,0.0,0.0,15.0,0.0,0.0,null,12.316,-23.67332649230957
2502,23011501,0,20230115133210,37.3382706,127.2972923,0.0,0.0,0.0,24.705883,8420.0,0.0,41.17647,350.0,0.0,-0.0078125,0.0,98.0,0.0,0.0,0.0,0.0,215.0,0.0,0.0,0.0,0.0,15.0,0.0,0.0,null,12.316,9.926259994506836
2503,23011501,0,20230115133211,37.3382706,127.2972923,0.0,0.0,0.0,24.705883,8420.0,0.0,41.17647,350.0,0.0,-0.0078125,0.0,98.0,0.0,0.0,0.0,0.0,215.0,0.0,0.0,0.0,0.0,15.0,0.0,0.0,null,12.316,-4.763665199279785
2504,23011501,0,20230115133212,37.3382706,127.2972923,0.0,0.0,0.0,24.705883,8420.0,0.0,41.17647,350.0,0.0,-0.0078125,0.0,98.0,0.0,0.0,0.0,0.0,215.0,0.0,0.0,0.0,0.0,15.0,0.0,0.0,null,12.316,-38.71879577636719
2505,23011501,0,20230115133213,37.3382706,127.2972923,0.0,0.0,0.0,24.705883,8420.0,0.0,41.17647,350.0,0.0,-0.0078125,0.0,98.0,0.0,0.0,0.0,0.0,215.0,0.0,0.0,0.0,0.0,15.0,0.0,0.0,null,12.316,-5.9548444747924805
2506,23011501,0,20230115133214,37.3382706,127.2972923,0.0,0.0,0.0,24.705883,8420.0,0.0,41.17647,350.0,0.0,-0.0078125,0.0,98.0,0.0,0.0,0.0,0.0,215.0,0.0,0.0,0.0,0.0,15.0,0.0,0.0,null,12.316,1.0750701427459717
2507,23011501,0,20230115133215,37.3382706,127.2972923,0.0,0.0,0.0,24.705883,8420.0,0.0,41.17647,350.0,0.0,-0.0078125,0.0,98.0,0.0,0.0,0.0,0.0,215.0,0.0,0.0,0.0,0.0,15.0,0.0,0.0,null,12.316,-11.372857093811035
2508,23011501,0,20230115133216,37.3382706,127.2972923,0.0,0.0,0.0,24.705883,8420.0,0.0,41.17647,350.0,0.0,-0.0078125,0.0,98.0,0.0,0.0,0.0,0.0,215.0,0.0,0.0,0.0,0.0,15.0,0.0,0.0,null,12.316,11.919310569763184
2509,23011501,0,20230115133217,37.3382706,127.2972923,0.0,0.0,0.0,24.705883,8420.0,0.0,41.17647,350.0,0.0,-0.0078125,0.0,98.0,0.0,0.0,0.0,0.0,215.0,0.0,0.0,0.0,0.0,15.0,0.0,0.0,null,12.316,-0.9182678461074829
2510,23011501,0,20230115133218,37.3382706,127.2972923,0.0,0.0,0.0,24.705883,8420.0,0.0,41.17647,350.0,0.0,-0.0078125,0.0,98.0,0.0,0.0,0.0,0.0,215.0,0.0,0.0,0.0,0.0,15.0,0.0,0.0,null,12.316,1.1694294214248657
2511,23011501,0,20230115133219,37.3382706,127.2972923,0.0,0.0,0.0,24.705883,8420.0,0.0,41.17647,350.0,0.0,-0.0078125,0.0,98.0,0.0,0.0,0.0,0.0,215.0,0.0,0.0,0.0,0.0,15.0,0.0,0.0,null,12.316,2.260700225830078
2512,23011501,0,20230115133220,37.3382706,127.2972923,0.0,0.0,0.0,24.705883,8420.0,0.0,41.17647,350.0,0.0,-0.0078125,0.0,98.0,0.0,0.0,0.0,0.0,215.0,0.0,0.0,0.0,0.0,15.0,0.0,0.0,null,12.316,-4.652956962585449
2513,23011501,0,20230115133221,37.3382706,127.2972923,0.0,0.0,0.0,24.705883,8420.0,0.0,41.17647,350.0,0.0,-0.0078125,0.0,98.0,0.0,0.0,0.0,0.0,215.0,0.0,0.0,0.0,0.0,15.0,0.0,0.0,null,12.316,-5.3293843269348145
2514,23011501,0,20230115133222,37.3382706,127.2972923,0.0,0.0,0.0,24.705883,8420.0,0.0,41.17647,350.0,0.0,-0.0078125,0.0,98.0,0.0,0.0,0.0,0.0,215.0,0.0,0.0,0.0,0.0,15.0,0.0,0.0,null,12.316,2.6392009258270264
2515,23011501,0,20230115133223,37.3382706,127.2972923,0.0,0.0,0.0,24.705883,8420.0,0.0,41.17647,350.0,0.0,-0.0078125,0.0,98.0,0.0,0.0,0.0,0.0,215.0,0.0,0.0,0.0,0.0,15.0,0.0,0.0,null,12.316,8.450607299804688
2516,23011501,0,20230115133224,37.3382706,127.2972923,0.0,0.0,0.0,24.705883,8420.0,0.0,41.17647,350.0,0.0,-0.0078125,0.0,98.0,0.0,0.0,0.0,0.0,215.0,0.0,0.0,0.0,0.0,15.0,0.0,0.0,null,12.316,2.1215085983276367
2517,23011501,0,20230115133225,37.3382706,127.2972923,0.0,0.0,0.0,24.705883,8420.0,0.0,41.17647,350.0,0.0,-0.0078125,0.0,98.0,0.0,0.0,0.0,0.0,215.0,0.0,0.0,0.0,0.0,15.0,0.0,0.0,null,12.316,2.442786693572998
2518,23011501,0,20230115133226,37.3382706,127.2972923,0.0,0.0,0.0,24.705883,8420.0,0.0,41.17647,350.0,0.0,-0.0078125,0.0,98.0,0.0,0.0,0.0,0.0,215.0,0.0,0.0,0.0,0.0,15.0,0.0,0.0,null,12.316,1.0179171562194824
2519,23011501,0,20230115133227,37.3382706,127.2972923,0.0,0.0,0.0,24.705883,8420.0,0.0,41.17647,350.0,0.0,-0.0078125,0.0,98.0,0.0,0.0,0.0,0.0,215.0,0.0,0.0,0.0,0.0,15.0,0.0,0.0,null,12.316,1.0319037437438965
2520,23011501,0,20230115133228,37.3382706,127.2972923,0.0,0.0,0.0,24.705883,8420.0,0.0,41.17647,350.0,0.0,-0.0078125,0.0,98.0,0.0,0.0,0.0,0.0,215.0,0.0,0.0,0.0,0.0,15.0,0.0,0.0,null,12.316,-0.27909213304519653
2521,23011501,0,20230115133229,37.3382706,127.2972923,0.0,0.0,0.0,24.705883,8420.0,0.0,41.17647,350.0,0.0,-0.0078125,0.0,98.0,0.0,0.0,0.0,0.0,215.0,0.0,0.0,0.0,0.0,15.0,0.0,0.0,null,12.316,1.4486596584320068
2522,23011501,0,20230115133230,37.3382706,127.2972923,0.0,0.0,0.0,24.705883,8420.0,0.0,41.17647,350.0,0.0,-0.0078125,0.0,98.0,0.0,0.0,0.0,0.0,215.0,0.0,0.0,0.0,0.0,15.0,0.0,0.0,null,12.316,1.7985621690750122
2523,23011501,0,20230115133231,37.3382706,127.2972923,0.0,0.0,0.0,24.705883,8420.0,0.0,41.17647,350.0,0.0,-0.0078125,0.0,98.0,0.0,0.0,0.0,0.0,215.0,0.0,0.0,0.0,0.0,15.0,0.0,0.0,null,12.316,-2.417346715927124
2524,23011501,0,20230115133232,37.3382706,127.2972923,0.0,0.0,0.0,24.705883,8420.0,0.0,41.17647,350.0,0.0,-0.0078125,0.0,98.0,0.0,0.0,0.0,0.0,215.0,0.0,0.0,0.0,0.0,15.0,0.0,0.0,null,12.316,2.5764596462249756
2525,23011501,0,20230115133233,37.3382706,127.2972923,0.0,0.0,0.0,24.705883,8420.0,0.0,41.17647,350.0,0.0,-0.0078125,0.0,98.0,0.0,0.0,0.0,0.0,215.0,0.0,0.0,0.0,0.0,15.0,0.0,0.0,null,12.316,-5.581573486328125
2526,23011501,0,20230115133234,37.3382706,127.2972923,0.0,0.0,0.0,24.705883,8420.0,0.0,41.17647,350.0,0.0,-0.0078125,0.0,98.0,0.0,0.0,0.0,0.0,215.0,0.0,0.0,0.0,0.0,15.0,0.0,0.0,null,12.316,-2.2453229427337646
2527,23011501,0,20230115133235,37.3382706,127.2972923,0.0,0.0,0.0,24.705883,8420.0,0.0,41.17647,350.0,0.0,-0.0078125,0.0,98.0,0.0,0.0,0.0,0.0,215.0,0.0,0.0,0.0,0.0,15.0,0.0,0.0,null,12.316,1.2551904916763306
2528,23011501,0,20230115133236,37.3382706,127.2972923,0.0,0.0,0.0,24.705883,8420.0,0.0,41.17647,350.0,0.0,-0.0078125,0.0,98.0,0.0,0.0,0.0,0.0,215.0,0.0,0.0,0.0,0.0,15.0,0.0,0.0,null,12.316,-0.4252067804336548
2529,23011501,0,20230115133237,37.3382706,127.2972923,0.0,0.0,0.0,24.705883,8420.0,0.0,41.17647,350.0,0.0,-0.0078125,0.0,98.0,0.0,0.0,0.0,0.0,215.0,0.0,0.0,0.0,0.0,15.0,0.0,0.0,null,12.316,0.10208600759506226
2530,23011501,0,20230115133238,37.3382706,127.2972923,0.0,0.0,0.0,24.705883,8420.0,0.0,41.17647,350.0,0.0,-0.0078125,0.0,98.0,0.0,0.0,0.0,0.0,215.0,0.0,0.0,0.0,0.0,15.0,0.0,0.0,null,12.316,0.32111215591430664
2531,23011501,0,20230115133239,37.3382706,127.2972923,0.0,0.0,0.0,24.705883,8420.0,0.0,41.17647,350.0,0.0,-0.0078125,0.0,98.0,0.0,0.0,0.0,0.0,215.0,0.0,0.0,0.0,0.0,15.0,0.0,0.0,null,12.316,0.7318536043167114
2532,23011501,0,20230115133240,37.3382706,127.2972923,0.0,0.0,0.0,24.705883,8420.0,0.0,41.17647,350.0,0.0,-0.0078125,0.0,98.0,0.0,0.0,0.0,0.0,215.0,0.0,0.0,0.0,0.0,15.0,0.0,0.0,null,12.316,1.0419859886169434
2533,23011501,0,20230115133241,37.3382706,127.2972923,0.0,0.0,0.0,24.705883,8420.0,0.0,41.17647,350.0,0.0,-0.0078125,0.0,98.0,0.0,0.0,0.0,0.0,215.0,0.0,0.0,0.0,0.0,15.0,0.0,0.0,null,12.316,-0.06452969461679459
2534,23011501,0,20230115133242,37.3382706,127.2972923,0.0,0.0,0.0,24.705883,8420.0,0.0,41.17647,350.0,0.0,-0.0078125,0.0,98.0,0.0,0.0,0.0,0.0,215.0,0.0,0.0,0.0,0.0,15.0,0.0,0.0,null,12.316,1.0603246688842773
2535,23011501,0,20230115133243,37.3382706,127.2972923,0.0,0.0,0.0,24.705883,8420.0,0.0,41.17647,350.0,0.0,-0.0078125,0.0,98.0,0.0,0.0,0.0,0.0,215.0,0.0,0.0,0.0,0.0,15.0,0.0,0.0,null,12.316,-0.22698500752449036
2536,23011501,0,20230115133244,37.3382706,127.2972923,0.0,0.0,0.0,24.705883,8420.0,0.0,41.17647,350.0,0.0,-0.0078125,0.0,98.0,0.0,0.0,0.0,0.0,215.0,0.0,0.0,0.0,0.0,15.0,0.0,0.0,null,12.316,6.268962383270264
2537,23011501,0,20230115133245,37.3382706,127.2972923,0.0,0.0,0.0,24.705883,8420.0,0.0,41.17647,350.0,0.0,-0.0078125,0.0,98.0,0.0,0.0,0.0,0.0,215.0,0.0,0.0,0.0,0.0,15.0,0.0,0.0,null,12.316,1.840369462966919
2538,23011501,0,20230115133246,37.3382706,127.2972923,0.0,0.0,0.0,24.705883,8420.0,0.0,41.17647,350.0,0.0,-0.0078125,0.0,98.0,0.0,0.0,0.0,0.0,215.0,0.0,0.0,0.0,0.0,15.0,0.0,0.0,null,12.316,7.144853591918945
2539,23011501,0,20230115133247,37.3382706,127.2972923,0.0,0.0,0.0,24.705883,8420.0,0.0,41.17647,350.0,0.0,-0.0078125,0.0,98.0,0.0,0.0,0.0,0.0,215.0,0.0,0.0,0.0,0.0,15.0,0.0,0.0,null,12.316,-14.158180236816406
2540,23011501,0,20230115133248,37.3382706,127.2972923,0.0,0.0,0.0,24.705883,8420.0,0.0,41.17647,350.0,0.0,-0.0078125,0.0,98.0,0.0,0.0,0.0,0.0,215.0,0.0,0.0,0.0,0.0,15.0,0.0,0.0,null,12.316,30.28605842590332
2541,23011501,0,20230115133249,37.3382706,127.2972923,0.0,0.0,0.0,24.705883,8420.0,0.0,41.17647,350.0,0.0,-0.0078125,0.0,98.0,0.0,0.0,0.0,0.0,215.0,0.0,0.0,0.0,0.0,15.0,0.0,0.0,null,12.316,-10.882674217224121
2542,23011501,0,20230115133250,37.3382706,127.2972923,0.0,0.0,0.0,24.705883,8420.0,0.0,41.17647,350.0,0.0,-0.0078125,0.0,98.0,0.0,0.0,0.0,0.0,215.0,0.0,0.0,0.0,0.0,15.0,0.0,0.0,null,12.316,-19.941007614135742
2543,23011501,0,20230115133251,37.3382706,127.2972923,0.0,0.0,0.0,24.705883,8420.0,0.0,41.17647,350.0,0.0,-0.0078125,0.0,98.0,0.0,0.0,0.0,0.0,215.0,0.0,0.0,0.0,0.0,15.0,0.0,0.0,null,12.316,2.831554651260376
2544,23011501,0,20230115133252,37.3382706,127.2972923,0.0,0.0,0.0,24.705883,8420.0,0.0,41.17647,350.0,0.0,-0.0078125,0.0,98.0,0.0,0.0,0.0,0.0,215.0,0.0,0.0,0.0,0.0,15.0,0.0,0.0,null,12.316,-1.0849069356918335
2545,23011501,0,20230115133253,37.3382706,127.2972923,0.0,0.0,0.0,24.705883,8420.0,0.0,41.17647,350.0,0.0,-0.0078125,0.0,98.0,0.0,0.0,0.0,0.0,215.0,0.0,0.0,0.0,0.0,15.0,0.0,0.0,null,12.316,19.8623104095459
2546,23011501,0,20230115133254,37.3382706,127.2972923,0.0,0.0,0.0,24.705883,8420.0,0.0,41.17647,350.0,0.0,-0.0078125,0.0,98.0,0.0,0.0,0.0,0.0,215.0,0.0,0.0,0.0,0.0,15.0,0.0,0.0,null,12.316,-10.07694149017334
2547,23011501,0,20230115133255,37.3382706,127.2972923,0.0,0.0,0.0,24.705883,8420.0,0.0,41.17647,350.0,0.0,-0.0078125,0.0,98.0,0.0,0.0,0.0,0.0,215.0,0.0,0.0,0.0,0.0,15.0,0.0,0.0,null,12.316,34.131065368652344
2548,23011501,0,20230115133256,37.3382706,127.2972923,0.0,0.0,0.0,24.705883,8420.0,0.0,41.17647,350.0,0.0,-0.0078125,0.0,98.0,0.0,0.0,0.0,0.0,215.0,0.0,0.0,0.0,0.0,15.0,0.0,0.0,null,12.316,10.080193519592285
2549,23011501,0,20230115133257,37.3382706,127.2972923,0.0,0.0,0.0,24.705883,8420.0,0.0,41.17647,350.0,0.0,-0.0078125,0.0,98.0,0.0,0.0,0.0,0.0,215.0,0.0,0.0,0.0,0.0,15.0,0.0,0.0,null,12.316,-11.076560974121094
2550,23011501,0,20230115133258,37.3382706,127.2972923,0.0,0.0,0.0,24.705883,8420.0,0.0,41.17647,350.0,0.0,-0.0078125,0.0,98.0,0.0,0.0,0.0,0.0,215.0,0.0,0.0,0.0,0.0,15.0,0.0,0.0,null,12.316,1.4467408657073975
2551,23011501,0,20230115133259,37.3382706,127.2972923,0.0,0.0,0.0,24.705883,8420.0,0.0,41.17647,350.0,0.0,-0.0078125,0.0,98.0,0.0,0.0,0.0,0.0,215.0,0.0,0.0,0.0,0.0,15.0,0.0,0.0,null,12.316,-10.577335357666016
2552,23011501,0,20230115133300,37.3382706,127.2972923,0.0,0.0,0.0,24.705883,8420.0,0.0,41.17647,350.0,0.0,-0.0078125,0.0,98.0,0.0,0.0,0.0,0.0,215.0,0.0,0.0,0.0,0.0,15.0,0.0,0.0,null,12.316,-13.371301651000977
2553,23011501,0,20230115133301,37.3382706,127.2972923,0.0,0.0,0.0,24.705883,8420.0,0.0,41.17647,350.0,0.0,-0.0078125,0.0,98.0,0.0,0.0,0.0,0.0,215.0,0.0,0.0,0.0,0.0,15.0,0.0,0.0,null,12.316,-5.1401143074035645
2554,23011501,0,20230115133302,37.3382706,127.2972923,0.0,0.0,0.0,24.705883,8420.0,0.0,41.17647,350.0,0.0,-0.0078125,0.0,98.0,0.0,0.0,0.0,0.0,215.0,0.0,0.0,0.0,0.0,15.0,0.0,0.0,null,12.316,-2.7496018409729004
2555,23011501,0,20230115133303,37.3382706,127.2972923,0.0,0.0,0.0,24.705883,8420.0,0.0,41.17647,350.0,0.0,-0.0078125,0.0,98.0,0.0,0.0,0.0,0.0,215.0,0.0,0.0,0.0,0.0,15.0,0.0,0.0,null,12.316,-9.433820724487305
2556,23011501,0,20230115133304,37.3382706,127.2972923,0.0,0.0,0.0,24.705883,8420.0,0.0,41.17647,350.0,0.0,-0.0078125,0.0,98.0,0.0,0.0,0.0,0.0,215.0,0.0,0.0,0.0,0.0,15.0,0.0,0.0,null,12.316,-4.078360557556152
2557,23011501,0,20230115133305,37.3382706,127.2972923,0.0,0.0,0.0,24.705883,8420.0,0.0,41.17647,350.0,0.0,-0.0078125,0.0,98.0,0.0,0.0,0.0,0.0,215.0,0.0,0.0,0.0,0.0,15.0,0.0,0.0,null,12.316,0.419584721326828
2558,23011501,0,20230115133306,37.3382706,127.2972923,0.0,0.0,0.0,24.705883,8420.0,0.0,41.17647,350.0,0.0,-0.0078125,0.0,98.0,0.0,0.0,0.0,0.0,215.0,0.0,0.0,0.0,0.0,15.0,0.0,0.0,null,12.316,-0.06429426372051239
2559,23011501,0,20230115133307,37.3382706,127.2972923,0.0,0.0,0.0,24.705883,8420.0,0.0,41.17647,350.0,0.0,-0.0078125,0.0,98.0,0.0,0.0,0.0,0.0,215.0,0.0,0.0,0.0,0.0,15.0,0.0,0.0,null,12.316,-0.027701402083039284
2560,23011501,0,20230115133308,37.3382706,127.2972923,0.0,0.0,0.0,24.705883,8420.0,0.0,41.17647,350.0,0.0,-0.0078125,0.0,98.0,0.0,0.0,0.0,0.0,215.0,0.0,0.0,0.0,0.0,15.0,0.0,0.0,null,12.316,0.4965885877609253
2561,23011501,0,20230115133309,37.3382706,127.2972923,0.0,0.0,0.0,24.705883,8420.0,0.0,41.17647,350.0,0.0,-0.0078125,0.0,98.0,0.0,0.0,0.0,0.0,215.0,0.0,0.0,0.0,0.0,15.0,0.0,0.0,null,12.316,-1.252435564994812
2562,23011501,0,20230115133310,37.3382706,127.2972923,0.0,0.0,0.0,24.705883,8420.0,0.0,41.17647,350.0,0.0,-0.0078125,0.0,98.0,0.0,0.0,0.0,0.0,215.0,0.0,0.0,0.0,0.0,15.0,0.0,0.0,null,12.316,0.1685776263475418
2563,23011501,0,20230115133311,37.3382706,127.2972923,0.0,0.0,0.0,24.705883,8420.0,0.0,41.17647,350.0,0.0,-0.0078125,0.0,98.0,0.0,0.0,0.0,0.0,215.0,0.0,0.0,0.0,0.0,15.0,0.0,0.0,null,12.316,-0.10343419015407562
2564,23011501,0,20230115133312,37.3382706,127.2972923,0.0,0.0,0.0,24.705883,8420.0,0.0,41.17647,350.0,0.0,-0.0078125,0.0,98.0,0.0,0.0,0.0,0.0,215.0,0.0,0.0,0.0,0.0,15.0,0.0,0.0,null,12.316,-0.006547825876623392
2565,23011501,0,20230115133313,37.3382706,127.2972923,0.0,0.0,0.0,24.705883,8420.0,0.0,41.17647,350.0,0.0,-0.0078125,0.0,98.0,0.0,0.0,0.0,0.0,215.0,0.0,0.0,0.0,0.0,15.0,0.0,0.0,null,12.316,-2.5859367847442627
2566,23011501,0,20230115133314,37.3382706,127.2972923,0.0,0.0,0.0,24.705883,8420.0,0.0,41.17647,350.0,0.0,-0.0078125,0.0,98.0,0.0,0.0,0.0,0.0,215.0,0.0,0.0,0.0,0.0,15.0,0.0,0.0,null,12.316,0.22681042551994324
2567,23011501,0,20230115133315,37.3382706,127.2972923,0.0,0.0,0.0,24.705883,8420.0,0.0,41.17647,350.0,0.0,-0.0078125,0.0,98.0,0.0,0.0,0.0,0.0,215.0,0.0,0.0,0.0,0.0,15.0,0.0,0.0,null,12.316,-1.171133279800415
2568,23011501,0,20230115133316,37.3382706,127.2972923,0.0,0.0,0.0,24.705883,8420.0,0.0,41.17647,350.0,0.0,-0.0078125,0.0,98.0,0.0,0.0,0.0,0.0,215.0,0.0,0.0,0.0,0.0,15.0,0.0,0.0,null,12.316,1.1492080688476562
2569,23011501,0,20230115133317,37.3382706,127.2972923,0.0,0.0,0.0,24.705883,8420.0,0.0,41.17647,350.0,0.0,-0.0078125,0.0,98.0,0.0,0.0,0.0,0.0,215.0,0.0,0.0,0.0,0.0,15.0,0.0,0.0,null,12.316,0.4797663390636444
2570,23011501,0,20230115133318,37.3382706,127.2972923,0.0,0.0,0.0,24.705883,8420.0,0.0,41.17647,350.0,0.0,-0.0078125,0.0,98.0,0.0,0.0,0.0,0.0,215.0,0.0,0.0,0.0,0.0,15.0,0.0,0.0,null,12.316,1.0884469747543335
2571,23011501,0,20230115133319,37.3382706,127.2972923,0.0,0.0,0.0,24.705883,8420.0,0.0,41.17647,350.0,0.0,-0.0078125,0.0,98.0,0.0,0.0,0.0,0.0,215.0,0.0,0.0,0.0,0.0,15.0,0.0,0.0,null,12.316,-0.18090090155601501
2572,23011501,0,20230115133320,37.3382706,127.2972923,0.0,0.0,0.0,24.705883,8420.0,0.0,41.17647,350.0,0.0,-0.0078125,0.0,98.0,0.0,0.0,0.0,0.0,215.0,0.0,0.0,0.0,0.0,15.0,0.0,0.0,null,12.316,-0.9691603183746338
2573,23011501,0,20230115133321,37.3382706,127.2972923,0.0,0.0,0.0,24.705883,8420.0,0.0,41.17647,350.0,0.0,-0.0078125,0.0,98.0,0.0,0.0,0.0,0.0,215.0,0.0,0.0,0.0,0.0,15.0,0.0,0.0,null,12.316,-2.3787453174591064
2574,23011501,0,20230115133322,37.3382706,127.2972923,0.0,0.0,0.0,24.705883,8420.0,0.0,41.17647,350.0,0.0,-0.0078125,0.0,98.0,0.0,0.0,0.0,0.0,215.0,0.0,0.0,0.0,0.0,15.0,0.0,0.0,null,12.316,0.7566341757774353
2575,23011501,0,20230115133323,37.3382706,127.2972923,0.0,0.0,0.0,24.705883,8420.0,0.0,41.17647,350.0,0.0,-0.0078125,0.0,98.0,0.0,0.0,0.0,0.0,215.0,0.0,0.0,0.0,0.0,15.0,0.0,0.0,null,12.316,4.9374308586120605
2576,23011501,0,20230115133324,37.3382706,127.2972923,0.0,0.0,0.0,24.705883,8420.0,0.0,41.17647,350.0,0.0,-0.0078125,0.0,98.0,0.0,0.0,0.0,0.0,215.0,0.0,0.0,0.0,0.0,15.0,0.0,0.0,null,12.316,-1.4761971235275269
2577,23011501,0,20230115133325,37.3382706,127.2972923,0.0,0.0,0.0,24.705883,8420.0,0.0,41.17647,350.0,0.0,-0.0078125,0.0,98.0,0.0,0.0,0.0,0.0,215.0,0.0,0.0,0.0,0.0,15.0,0.0,0.0,null,12.316,-4.702383518218994
2578,23011501,0,20230115133326,37.3382706,127.2972923,0.0,0.0,0.0,24.705883,8420.0,0.0,41.17647,350.0,0.0,-0.0078125,0.0,98.0,0.0,0.0,0.0,0.0,215.0,0.0,0.0,0.0,0.0,15.0,0.0,0.0,null,12.316,-21.34138298034668
2579,23011501,0,20230115133327,37.3382706,127.2972923,0.0,0.0,0.0,24.705883,8420.0,0.0,41.17647,350.0,0.0,-0.0078125,0.0,98.0,0.0,0.0,0.0,0.0,215.0,0.0,0.0,0.0,0.0,15.0,0.0,0.0,null,12.316,10.938576698303223
2580,23011501,0,20230115133328,37.3382706,127.2972923,0.0,0.0,0.0,24.705883,8420.0,0.0,41.17647,350.0,0.0,-0.0078125,0.0,98.0,0.0,0.0,0.0,0.0,215.0,0.0,0.0,0.0,0.0,15.0,0.0,0.0,null,12.316,24.10007095336914
2581,23011501,0,20230115133329,37.3382706,127.2972923,0.0,0.0,0.0,24.705883,8420.0,0.0,41.17647,350.0,0.0,-0.0078125,0.0,98.0,0.0,0.0,0.0,0.0,215.0,0.0,0.0,0.0,0.0,15.0,0.0,0.0,null,12.316,15.462139129638672
2582,23011501,0,20230115133330,37.3382706,127.2972923,0.0,0.0,0.0,24.705883,8420.0,0.0,41.17647,350.0,0.0,-0.0078125,0.0,98.0,0.0,0.0,0.0,0.0,215.0,0.0,0.0,0.0,0.0,15.0,0.0,0.0,null,12.316,7.563567161560059
2583,23011501,0,20230115133331,37.3382706,127.2972923,0.0,0.0,0.0,24.705883,8420.0,0.0,41.17647,350.0,0.0,-0.0078125,0.0,98.0,0.0,0.0,0.0,0.0,215.0,0.0,0.0,0.0,0.0,15.0,0.0,0.0,null,12.316,2.879173994064331
2584,23011501,0,20230115133332,37.3382706,127.2972923,0.0,0.0,0.0,24.705883,8420.0,0.0,41.17647,350.0,0.0,-0.0078125,0.0,98.0,0.0,0.0,0.0,0.0,215.0,0.0,0.0,0.0,0.0,15.0,0.0,0.0,null,12.316,0.06126121059060097
2585,23011501,0,20230115133333,37.3382706,127.2972923,0.0,0.0,0.0,24.705883,8420.0,0.0,41.17647,350.0,0.0,-0.0078125,0.0,98.0,0.0,0.0,0.0,0.0,215.0,0.0,0.0,0.0,0.0,15.0,0.0,0.0,null,12.316,-1.6932597160339355
2586,23011501,0,20230115133334,37.3382706,127.2972923,0.0,0.0,0.0,24.705883,8420.0,0.0,41.17647,350.0,0.0,-0.0078125,0.0,98.0,0.0,0.0,0.0,0.0,215.0,0.0,0.0,0.0,0.0,15.0,0.0,0.0,null,12.316,4.960831642150879
2587,23011501,0,20230115133335,37.3382706,127.2972923,0.0,0.0,0.0,24.705883,8420.0,0.0,41.17647,350.0,0.0,-0.0078125,0.0,98.0,0.0,0.0,0.0,0.0,215.0,0.0,0.0,0.0,0.0,15.0,0.0,0.0,null,12.316,-8.58210563659668
2588,23011501,0,20230115133336,37.3382706,127.2972923,0.0,0.0,0.0,24.705883,8420.0,0.0,41.17647,350.0,0.0,-0.0078125,0.0,98.0,0.0,0.0,0.0,0.0,215.0,0.0,0.0,0.0,0.0,15.0,0.0,0.0,null,12.316,5.513586521148682
2589,23011501,0,20230115133337,37.3382706,127.2972923,0.0,0.0,0.0,24.705883,8420.0,0.0,41.17647,350.0,0.0,-0.0078125,0.0,98.0,0.0,0.0,0.0,0.0,215.0,0.0,0.0,0.0,0.0,15.0,0.0,0.0,null,12.316,-18.157615661621094
2590,23011501,0,20230115133338,37.3382706,127.2972923,0.0,0.0,0.0,24.705883,8420.0,0.0,41.17647,350.0,0.0,-0.0078125,0.0,98.0,0.0,0.0,0.0,0.0,215.0,0.0,0.0,0.0,0.0,15.0,0.0,0.0,null,12.316,-0.45279112458229065
2591,23011501,0,20230115133339,37.3382706,127.2972923,0.0,0.0,0.0,24.705883,8420.0,0.0,41.17647,350.0,0.0,-0.0078125,0.0,98.0,0.0,0.0,0.0,0.0,215.0,0.0,0.0,0.0,0.0,15.0,0.0,0.0,null,12.316,2.431519031524658
2592,23011501,0,20230115133340,37.3382706,127.2972923,0.0,0.0,0.0,24.705883,8420.0,0.0,41.17647,350.0,0.0,-0.0078125,0.0,98.0,0.0,0.0,0.0,0.0,215.0,0.0,0.0,0.0,0.0,15.0,0.0,0.0,null,12.316,-1.9001471996307373
2593,23011501,0,20230115133341,37.3382706,127.2972923,0.0,0.0,0.0,24.705883,8420.0,0.0,41.17647,350.0,0.0,-0.0078125,0.0,98.0,0.0,0.0,0.0,0.0,215.0,0.0,0.0,0.0,0.0,15.0,0.0,0.0,null,12.316,-11.74636173248291
2594,23011501,0,20230115133342,37.3382706,127.2972923,0.0,0.0,0.0,24.705883,8420.0,0.0,41.17647,350.0,0.0,-0.0078125,0.0,98.0,0.0,0.0,0.0,0.0,215.0,0.0,0.0,0.0,0.0,15.0,0.0,0.0,null,12.316,7.407023906707764
2595,23011501,0,20230115133343,37.3382706,127.2972923,0.0,0.0,0.0,24.705883,8420.0,0.0,41.17647,350.0,0.0,-0.0078125,0.0,98.0,0.0,0.0,0.0,0.0,215.0,0.0,0.0,0.0,0.0,15.0,0.0,0.0,null,12.316,10.14306354522705
2596,23011501,0,20230115133344,37.3382706,127.2972923,0.0,0.0,0.0,24.705883,8420.0,0.0,41.17647,350.0,0.0,-0.0078125,0.0,98.0,0.0,0.0,0.0,0.0,215.0,0.0,0.0,0.0,0.0,15.0,0.0,0.0,null,12.316,-14.125064849853516
2597,23011501,0,20230115133345,37.3382706,127.2972923,0.0,0.0,0.0,24.705883,8420.0,0.0,41.17647,350.0,0.0,-0.0078125,0.0,98.0,0.0,0.0,0.0,0.0,215.0,0.0,0.0,0.0,0.0,15.0,0.0,0.0,null,12.316,-5.321370601654053
2598,23011501,0,20230115133346,37.3382706,127.2972923,0.0,0.0,0.0,24.705883,8420.0,0.0,41.17647,350.0,0.0,-0.0078125,0.0,98.0,0.0,0.0,0.0,0.0,215.0,0.0,0.0,0.0,0.0,15.0,0.0,0.0,null,12.316,20.417234420776367
2599,23011501,0,20230115133347,37.3382706,127.2972923,0.0,0.0,0.0,24.705883,8420.0,0.0,41.17647,350.0,0.0,-0.0078125,0.0,98.0,0.0,0.0,0.0,0.0,215.0,0.0,0.0,0.0,0.0,15.0,0.0,0.0,null,12.316,4.275362491607666
2600,23011501,0,20230115133348,37.3382706,127.2972923,0.0,0.0,0.0,24.705883,8420.0,0.0,41.17647,350.0,0.0,-0.0078125,0.0,98.0,0.0,0.0,0.0,0.0,215.0,0.0,0.0,0.0,0.0,15.0,0.0,0.0,null,12.316,-10.654190063476562
2601,23011501,0,20230115133349,37.3382706,127.2972923,0.0,0.0,0.0,24.705883,8420.0,0.0,41.17647,350.0,0.0,-0.0078125,0.0,98.0,0.0,0.0,0.0,0.0,215.0,0.0,0.0,0.0,0.0,15.0,0.0,0.0,null,12.316,-2.94667387008667
2602,23011501,0,20230115133350,37.3382706,127.2972923,0.0,0.0,0.0,24.705883,8420.0,0.0,41.17647,350.0,0.0,-0.0078125,0.0,98.0,0.0,0.0,0.0,0.0,215.0,0.0,0.0,0.0,0.0,15.0,0.0,0.0,null,12.316,0.45558929443359375
2603,23011501,0,20230115133351,37.3382706,127.2972923,0.0,0.0,0.0,24.705883,8420.0,0.0,41.17647,350.0,0.0,-0.0078125,0.0,98.0,0.0,0.0,0.0,0.0,215.0,0.0,0.0,0.0,0.0,15.0,0.0,0.0,null,12.316,1.9547396898269653
2604,23011501,0,20230115133352,37.3382706,127.2972923,0.0,0.0,0.0,24.705883,8420.0,0.0,41.17647,350.0,0.0,-0.0078125,0.0,98.0,0.0,0.0,0.0,0.0,215.0,0.0,0.0,0.0,0.0,15.0,0.0,0.0,null,12.316,-1.4292324781417847
2605,23011501,0,20230115133353,37.3382706,127.2972923,0.0,0.0,0.0,24.705883,8420.0,0.0,41.17647,350.0,0.0,-0.0078125,0.0,98.0,0.0,0.0,0.0,0.0,215.0,0.0,0.0,0.0,0.0,15.0,0.0,0.0,null,12.316,1.644408941268921
2606,23011501,0,20230115133354,37.3382706,127.2972923,0.0,0.0,0.0,24.705883,8420.0,0.0,41.17647,350.0,0.0,-0.0078125,0.0,98.0,0.0,0.0,0.0,0.0,215.0,0.0,0.0,0.0,0.0,15.0,0.0,0.0,null,12.316,2.547903537750244
2607,23011501,0,20230115133355,37.3382706,127.2972923,0.0,0.0,0.0,24.705883,8420.0,0.0,41.17647,350.0,0.0,-0.0078125,0.0,98.0,0.0,0.0,0.0,0.0,215.0,0.0,0.0,0.0,0.0,15.0,0.0,0.0,null,12.316,-0.672025740146637
2608,23011501,0,20230115133356,37.3382706,127.2972923,0.0,0.0,0.0,24.705883,8420.0,0.0,41.17647,350.0,0.0,-0.0078125,0.0,98.0,0.0,0.0,0.0,0.0,215.0,0.0,0.0,0.0,0.0,15.0,0.0,0.0,null,12.316,-1.3781650066375732
2609,23011501,0,20230115133357,37.3382706,127.2972923,0.0,0.0,0.0,24.705883,8420.0,0.0,41.17647,350.0,0.0,-0.0078125,0.0,98.0,0.0,0.0,0.0,0.0,215.0,0.0,0.0,0.0,0.0,15.0,0.0,0.0,null,12.316,-0.6158758401870728
2610,23011501,0,20230115133358,37.3382706,127.2972923,0.0,0.0,0.0,24.705883,8420.0,0.0,41.17647,350.0,0.0,-0.0078125,0.0,98.0,0.0,0.0,0.0,0.0,215.0,0.0,0.0,0.0,0.0,15.0,0.0,0.0,null,12.316,-0.6007004380226135
2611,23011501,0,20230115133359,37.3382706,127.2972923,0.0,0.0,0.0,24.705883,8420.0,0.0,41.17647,350.0,0.0,-0.0078125,0.0,98.0,0.0,0.0,0.0,0.0,215.0,0.0,0.0,0.0,0.0,15.0,0.0,0.0,null,12.316,0.8389592170715332
2612,23011501,0,20230115133400,37.3382706,127.2972923,0.0,0.0,0.0,24.705883,8420.0,0.0,41.17647,350.0,0.0,-0.0078125,0.0,98.0,0.0,0.0,0.0,0.0,215.0,0.0,0.0,0.0,0.0,15.0,0.0,0.0,null,12.316,-0.18563280999660492
2613,23011501,0,20230115133401,37.3382706,127.2972923,0.0,0.0,0.0,24.705883,8420.0,0.0,41.17647,350.0,0.0,-0.0078125,0.0,98.0,0.0,0.0,0.0,0.0,215.0,0.0,0.0,0.0,0.0,15.0,0.0,0.0,null,12.316,-0.27596914768218994
2614,23011501,0,20230115133402,37.3382706,127.2972923,0.0,0.0,0.0,24.705883,8420.0,0.0,41.17647,350.0,0.0,-0.0078125,0.0,98.0,0.0,0.0,0.0,0.0,215.0,0.0,0.0,0.0,0.0,15.0,0.0,0.0,null,12.316,-0.016383104026317596
2615,23011501,0,20230115133403,37.3382706,127.2972923,0.0,0.0,0.0,24.705883,8420.0,0.0,41.17647,350.0,0.0,-0.0078125,0.0,98.0,0.0,0.0,0.0,0.0,215.0,0.0,0.0,0.0,0.0,15.0,0.0,0.0,null,12.316,0.13931794464588165
2616,23011501,0,20230115133404,37.3382706,127.2972923,0.0,0.0,0.0,24.705883,8420.0,0.0,41.17647,350.0,0.0,-0.0078125,0.0,98.0,0.0,0.0,0.0,0.0,215.0,0.0,0.0,0.0,0.0,15.0,0.0,0.0,null,12.316,-0.2716419994831085
2617,23011501,0,20230115133405,37.3382706,127.2972923,0.0,0.0,0.0,24.705883,8420.0,0.0,41.17647,350.0,0.0,-0.0078125,0.0,98.0,0.0,0.0,0.0,0.0,215.0,0.0,0.0,0.0,0.0,15.0,0.0,0.0,null,12.316,-0.8372754454612732
2618,23011501,0,20230115133406,37.3382706,127.2972923,0.0,0.0,0.0,24.705883,8420.0,0.0,41.17647,350.0,0.0,-0.0078125,0.0,98.0,0.0,0.0,0.0,0.0,215.0,0.0,0.0,0.0,0.0,15.0,0.0,0.0,null,12.316,-0.44870904088020325
2619,23011501,0,20230115133407,37.3382706,127.2972923,0.0,0.0,0.0,24.705883,8420.0,0.0,41.17647,350.0,0.0,-0.0078125,0.0,98.0,0.0,0.0,0.0,0.0,215.0,0.0,0.0,0.0,0.0,15.0,0.0,0.0,null,12.316,-0.49676772952079773
2620,23011501,0,20230115133408,37.3382706,127.2972923,0.0,0.0,0.0,24.705883,8420.0,0.0,41.17647,350.0,0.0,-0.0078125,0.0,98.0,0.0,0.0,0.0,0.0,215.0,0.0,0.0,0.0,0.0,15.0,0.0,0.0,null,12.316,-0.06947962194681168
2621,23011501,0,20230115133409,37.3382706,127.2972923,0.0,0.0,0.0,24.705883,8420.0,0.0,41.17647,350.0,0.0,-0.0078125,0.0,98.0,0.0,0.0,0.0,0.0,215.0,0.0,0.0,0.0,0.0,15.0,0.0,0.0,null,12.316,0.6259689331054688
2622,23011501,0,20230115133410,37.3382706,127.2972923,0.0,0.0,0.0,24.705883,8420.0,0.0,41.17647,350.0,0.0,-0.0078125,0.0,98.0,0.0,0.0,0.0,0.0,215.0,0.0,0.0,0.0,0.0,15.0,0.0,0.0,null,12.316,-0.23449167609214783
2623,23011501,0,20230115133411,37.3382706,127.2972923,0.0,0.0,0.0,24.705883,8420.0,0.0,41.17647,350.0,0.0,-0.0078125,0.0,98.0,0.0,0.0,0.0,0.0,215.0,0.0,0.0,0.0,0.0,15.0,0.0,0.0,null,12.316,0.07007434219121933
2624,23011501,0,20230115133412,37.3382706,127.2972923,0.0,0.0,0.0,24.705883,8420.0,0.0,41.17647,350.0,0.0,-0.0078125,0.0,98.0,0.0,0.0,0.0,0.0,215.0,0.0,0.0,0.0,0.0,15.0,0.0,0.0,null,12.316,-0.29636889696121216
